000000000000000000000000000000000
110000000000000000000000000000000
111111111111111111111111111111111
001100110000000010111111111111111
011111000000001110111100000000000
100101100001100111000000000000000
000000000000000000000000000000000
000011000111111101000000000000000
000000000000000000000000000000000
010000000100010011000000001001110
000000000000000000000000000000000
011011010010110100000000000000000
100000000011110001000011100000000
100010000000100000000000001011100
000000000000000000000000000000000
010000000010000000000000000001000
111110101100000000000001000000000
100000000011000000000000000000010
000000000000000000000000000000000
010111011100000100000000000000000
000000010100000000000000000000000
100001000110010110000000000000000
000000000000000000000000000000000
101101101100000000000000000000000
000000000000000000000000000000000
101000100011000000000000000000000
000000000000000000000000000000000
010000001100010010000000000000000
000000000000000000000000000000000
010000000000000000000000000000000
000000000000000000000000000000000
010000001000110110000000000000000
000000000000000000000000000000000
100000000110001001000000000000000
000000000000000000000000000000000
010000000010000000000000000000000
000000000000000000000000000000000
100001100110000000000000000000000
000000000000000000000000000000000
100011111010000000000000000000000
000000000000000000000000000000000
000000000000000000000000000000000
000000000000000000000000000000000
000000000000000100000000000000000
000000000000000000000000000000000
100111110110000000000000000000000
000000000000000000000000000000000
000000000000000000100000000000000
000000000000000000000000000000000
010000000000001000000000000000100
111011100000000000000000000000000
100111000001101100000000000010001
000000000000000000000000100000000
101000000010000000000000000000000
000000000000000000000000000000000
101000000010000000000000000000000
000000000000000000010000000000000
100011000100000000000000000000000
000000000000000000000000000000000
010000000000000000000000000000000
000000000000000000000000000000000
010000000000000000100000000000000
000000000000000000000000000000000
010001001000000000010000000000000
000000000000000000000000000000000
010000100100101001001000000000000
000000000000000000000000000000000
010000000000000000000100000000000
000000000000000000000000000000000
010000100000000001000010000000000
000000000000000000000000000000000
010000000000000000000001000000000
000000000000000000000000000000000
010000001000000010000000100000000
000000000000000000000000000000000
010000000000001000000000010000000
000000000000000000000000000000000
010000000000000000100000000000000
000000000000000000000000000000000
010000000000000000000000001000000
000000000000000000000000000000000
010000000000000000010000000000000
000000000000000000000000000000000
010000000000000000000000000100000
000000000000000000000000000000000
010000000000000000001000000000000
000100011000000000000000000000000
100000000000000000000000000000010
000000000000000000000000000000000
010000000000000000000100000000000
000000000000000000000000000000000
010000000000000000000010000000000
000000000000000000000000000000000
010000000000000000000001000000000
000000000000000000000000000000000
010000000000000000000000100000000
000000000000000000000000000000000
010000000000000000000000010000000
000000000000000000000000000000000
100000000000000000000000000000000
000000000000000000000000000000000
010000000000000000000000000001000
000000000000000000000000000000000
010100000000000000000000000000000
011000111000000000000000000000000
100000000000000000000000000011010
010101100000000000000000000000000
100000000000000000000000000000000
000000000000000000000000000000000
010001000000010000000000000000000
000000000000000000000000000000000
010000000000000000000000000100001
000000011000000000000000000000000
100000000000000000000000000000000
000000000000000000000000000000000
100000000101101101000000000000000
