000101011011001011100111001100001
110001010100110000110110101000100
111111111111111111111111111111111
001110111110000110111111111111111
011111000000001110111100001100110
100101100001100111111000101010110
010101011101111110000011111011000
001111111111111101000110000010000
101001011011110011110001010001010
010000011110010111100011101001110
100111100101001110110111011101000
011011010010110100000010010001101
100000000011110001000011101001000
100011010000111011001011001011100
100110100101001011111110011101101
011000001011011100110111111101010
111110101111100000000111011010111
101000111111110101101111000000010
001011110110101000010010111000011
011111011110000100010010010101100
100100010110110000111110000010110
100001000110110110110011010010001
100001101011100100000010110000111
101101101100010000010011010011111
010110101000110111100001110011011
101000100011100011000000000010001
000100101100101000000110000110001
011100001101010010100100010101011
111000000110110101100001100101000
011100000011000000000000111011110
001100110110111101001101011111101
010000001010110110010100001000000
110010010001001010010110001100000
100101000110101001100001011001100
010011010101100101101110100101100
011101010111101000111000111100001
110110001110001101110010110000011
100001101111001100001100001010011
001100000010000100111011110101000
100011111010001010010011011100111
001000100110010010111010001010111
001100001010110001110000000000100
010011010010001000110000000101101
001111110000010100001100011110101
010110100111111000010011000100110
100111111110000101101111111001101
111111010100111101000001001001011
000000000000000010101110000000011
110010001110100111100111010011111
010100010010101011111000010101110
111011100110000110000101100000110
100111000001111111111110110010001
000111000111100100001010101001000
101000000010000000100101001101001
100101100111000000100010000010100
101000000010000000011001010100111
010111100101011010011100100010100
100111000101001110110011101110001
010000111010001011001110101011101
011100000001000000001110101100111
100100001010101110101000001101010
011000001111010100100110011010011
011000000101101101000010000110010
010011101010100101010001010010001
001001101001000010010100100101001
011000100111101001111110111100100
001111011001010111010010011011010
011110110100100110110100001111010
101001000001000111000001011001110
011110100011110001111111011011000
110111011101001110101000110000000
010001110100011001011011110101011
001100101011011010010011101000011
010011001010100010111101111101001
000111000110000000000111100101100
010000000110001010111100111101010
110101110101000010101101100001010
010110110111010001111000110101110
100100011110011101111011111010010
011011010001010111001010001011111
001011001000011011111010100101000
011000001111101000010000000000100
010010000110011100110100010010111
010001111001011101111111010100000
000000010111011101001110001111100
011100010011010010101100011001110
001100011001011011011010101011001
101011100110111000010000001001010
001111111101111111111001000101000
011001100101101010010101001110011
010101010110001111000100001001110
011000000110110001111011001111001
110001011110001000000111101101100
011011001010011100001111000100010
110111100111100001001101011111010
011011001101001000000101110110111
010111110001111110011010110010011
011101111010101100011011010011110
010111101001100100010001111101100
100011110000000100110011001001010
000100011101100100010110111111110
011111001110010000111000101001010
001100100010000100011111101100010
010100000000000000101011100111111
011000111000101101010110111110001
100100101100000111101011010011010
010101100100100001100010101011001
100100000101110111111111111000000
101101001001001000010110100010000
010001100110010001100011010101100
000000001111101011001000010011011
011101110011110100011000101111101
001100011110001111011000001111110
101011011110110111101101101011010
011011011011110011111001101111000
100011001101111101101011110100101
