111111111111111111111111111111111
111111111111111111111111111111111
111111111111111111111111111111111
001111110000001110111111111111111
011111000000001110111100000000000
100101100001100111000000000000000
111111111111111111111111111111111
001111111111111101111111111111111
000000000000000000000000000000000
011111111111110111111111111001110
000000000000000000000000000000000
011011010011110100000000000000000
100000000011110001000011100000000
100110000000111111111111111011100
111111111111111111111111111111111
010001111111111111111111111111111
111110101100000000111111000000000
101111111111000000000000000000010
111111111111111111111111111111111
011111011100000100111111111111111
000000011100000000000000000000000
100001000110110110000000000000000
111111111111111111111111111111111
101101101100000000111111111111111
111111111111111111111111111111111
101000100011000011111111111111111
111111111111111111111111111111111
010000001100010010111111111111111
000000000000000000000000000000000
010000000000000000000000000000000
000000000000000000000000000000000
010000001011110110000000000000000
000000000000000000000000000000000
100000000110001011000000000000000
111111111111111111111111111111111
011111111110000000111111111111111
000000000000000000000000000000000
100111111110000000000000000000000
111111111111111111111111111111111
100111111010000000111111111111111
111111111111111111111111111111111
000000000000000011111111111111111
000000000000000000000000000000000
000000000001111100000000000000000
000000000000000000000000000000000
100111111110000000000000000000000
111111111111111111111111111111111
000000000000000111111111111111111
000000000000000000000000000000000
011111111111111111111111111111100
111011100000000000000000000000000
101111000001111100000000000010001
111111111111111111111111111111111
101000000010000000111111111111111
111111111111111111111111111111111
101000000010000000111111111111111
111111111111111111111111111111111
100111000100000000111111111111111
111111111111111111111111111111111
010000000000000000111111111111111
000000000000000000000000000000000
010000011111111111100000000000000
000000000000000000000000000000000
011111001000000001110000000000000
000000000000000000000000000000000
010000100111101001111000000000000
000000000000000000000000000000000
011111111111111111111100000000000
000000000000000000000000000000000
011111100000000011111110000000000
000000000000000000000000000000000
011111111111111111111111000000000
000000000000000000000000000000000
010000001000000011111111100000000
000000000000000000000000000000000
010000000000001011111111110000000
000000000000000000000000000000000
011111111111111111100000000000000
000000000000000000000000000000000
011111111111111111111111111000000
000000000000000000000000000000000
011111111111111111110000000000000
000000000000000000000000000000000
011111111111111111111111111100000
000000000000000000000000000000000
011111111111111111111000000000000
011100011000000000000000000000000
100000000000000000000000000001110
111111111111111111111111111111111
011111111111111111111111111111111
000000000000000000000000000000000
011111111111111111111110000000000
000000000000000000000000000000000
011111111111111111111111000000000
000000000000000000000000000000000
011111111111111111111111100000000
000000000000000000000000000000000
011111111111111111111111110000000
000000000000000000000000000000000
100000000000000000000000000000000
111111111111111111111111111111111
010000000000000000000000000001000
000000000000000000000000000000000
011100000000000000000000000000000
011000111000000000000000000000000
101111111111111111111111111111010
010101100111111111111111111111111
100000000000000000000000000000000
111111111111111111111111111111111
010001000000010011111111111111111
000000000000000000000000000000000
011111111111111111111111111111111
001111111000000000000000000000000
100000000000000000000000000000000
111111111111111111111111111111111
100111111101111101111111111111111
