111111111111111111111111111111111
111111111111111111111111111111111
111111111111111111111111111111111
001111111111001110111111111111111
011111000000001110111100011111111
100101100001100111111111111111111
111111111111111111111111111111111
001111111111111101111111111111111
111111111111111111111111111111111
011111111111110111111111111001110
111111111111111111111111111111111
011011010011110100111111111111111
100000000011110001000011111111111
100111111100111111111111111011100
111111111111111111111111111111111
011001111111111111111111111111111
111110101111110100111111111111111
101111111111111111111111110000010
111111111111111111111111111111111
011111011110000100111111111111111
101111011111111011111111111111111
100001100110110110111111111111111
111111111111111111111111111111111
101101101100011000111111111111111
111111111111111111111111111111111
101000100011100011111111111111111
111111111111111111111111111111111
011100101111010010111111111111111
111111111111111111111111111111111
011100000011000000111111111111111
111111111111111111111111111111111
011110001011110110111111111111111
111111111111111111111111111111111
100101000110101011111111111111111
111111111111111111111111111111111
011111111111111110111111111111111
111111111111111111111111111111111
100111111111111101111111111111111
111111111111111111111111111111111
100111111010111010111111111111111
111111111111111111111111111111111
001111111111111011111111111111111
111111111111111111111111111111111
001111111101111111111111111111111
111111111111111111111111111111111
100111111110000101111111111111111
111111111111111111111111111111111
000000000100110111111111111111111
111111111111111111111111111111111
011111111111111111111111111111111
111011100111111111001111111111111
101111011101111111111111110010001
111111111111111111111111111111111
101000000010000000111111111111111
111111111111111111111111111111111
101000000010000000111111111111111
111111111111111111111111111111111
100111000111001110111111111111111
111111111111111111111111111111111
011100000001000000111111111111111
111111111111111111111111111111111
011110011111111111111111111111111
111111111111111111111111111111111
011111101011100101111111111111111
111111111111111111111111111111111
011100100111101001111111111111111
111111111111111111111111111111111
011111111111111111111111111111111
111111111111111111111111111111111
011111101011110011111111111111111
111111111111111111111111111111111
011111111111111111111111111111111
111111111111111111111111111111111
011111001011110011111111111111111
111111111111111111111111111111111
011110001111101011111111111111111
111111111111111111111111111111111
011111111111111111111111111111111
111111111111111111111111111111111
011111111111111111111111111111111
111111111111111111111111111111111
011111111111111111111111111111111
110111111111111111111111111111111
011111111111111111111111111111111
111111111111111111111111111111111
011111111111111111111111111111111
011111011111111111111111111111111
101111111111111111111111111101110
111111111111111111111111111111111
011111111111111111111111111111111
111111111111111111111111111111111
011111111111111111111111111111111
111111111111111111111111111111111
011111111111111111111111111111111
111111111111111111111111111111111
011111111111111111111111111111111
111111111111111111111111111111111
011111111111111111111111111111111
111111111111111111111111111111111
100111111000100100111111111111111
111111111111111111111111111111111
011111111111111111111111111001010
111111111111111111111111111111111
011100000010000000111111111111111
011000111111111111111111111111111
101111111111111111111111111111010
010101100111111111111111111111111
101111111111111111111111111000000
111111111111111111111111111111111
011001101110010011111111111111111
110111111111111111111111111111111
011111111111111111111111111111111
001111111111111111111111111111111
101111111111111111111111111111111
111111111111111111111111111111111
100111111101111101111111111111111
