0000000000000000000000000000000000000101011001011110000111010
111111110000000000000000111111111111100000000000000000000000
1111111111111111111111111111111111100101011111001111111110001
100000010111111111000000000000000000000000000000000000011111
1111111111111111111111111111111111111000011111111011100111111
111111111011111111111111111111111111111111111111111111111111
1111111111111111111111111111111111111001010100110100011110111
111111100101111111000000000000000000000000111111111111111111
0000000000000000000000000000001100111010100000101100000010010
100000000010001111111111111111111111111111111111111110000000
1111111111111111111111111111111000000011000000010000000010111
100000010100010111111111111111111111111111111111111111111111
1111111111111111111111111111111000000110100000111000000001111
011111000011100001001111111111111111111111111111111111111111
0000000000000000000000000000000000000100000010000000000011001
100000000001011111111111111000000000000111000000000000000000
0000000000111110000000000000001111111000100010101111111110001
100000000000000001111111111111111111111111100000000000011100
1111111111011111111111111110001001000001000000010000000000110
011111111011111101111111111111111111111111111111111111111111
0000000000000000000000000000100000000001011100101000000000000
100000000001111111010000000000000000000000000000000000000000
1111111111111111111111111111111000000001000010101111111110101
100000000001000001111111111111100000000000000001111111111111
1111111111111111111111111111111111111111111101111111111110000
100000000000000000000000000000000000000000000000000000001111
1111111110000111111111111111001000000001000001000000000000010
100000000010000001111111111111111111111111111111111111111111
1111111111111100000000000000000111111000111110000000000000001
111111111111111111111111111111111111111111111111111111111111
0000000000000000000000000000000111111010100000010000000011111
000000000101111111000000000000000000000000000000000000000000
1111111111111111111111111111111111000100100000110000000010111
000000000010000001000111111111111111111111111111111111111111
1111111111111111111111111111111111111001100000100000111000000
111000000010000001111111111111111111111111111111111111111111
1111111111111111111111111111110010111010100000010000000010110
100000000001001001111111111111111111111111111111111111111111
1111111111111111111111111111111111000111111110000000000010110
100000000000000000000000000000000000000000000111111111111111
1111111111111111111111111111110101000011111111100000000011111
000000000111010111111111111111111111111111111111111111111111
0000000000000000000000000000000000000110111110111100000000000
000000111000000011110000000000000000000000000000000000000000
0000000000000000000000000000000000000100000011001111111111100
100000000101110011111111111111110000000000000000000000000000
1111111111111100000000100000000000000001111111100000000001111
111111111000001101000000000000000000000000000000000000000001
0000000000000000000000000000000000000100111010000000111110000
111111111000000000000000000000000000000000000000000000110000
1111111111111110000000000000000111111000100000000000000000111
111111111111111111111111111111111111111111111111111111111111
1111111111111111111111111111111101111000100000000000000000000
111111111111111111111111111111111000000011111111111111111111
0000000000000000000000000000000000010101010001000000011110101
111100000110000001000000011111111111111111111110000000000000
1111111111111111111111111111111111110101000110001111111110101
111111111001111111000000000000000000000000000001111111111111
1111111111111111111111111111111000000011100000000000000001111
111111111111001111111111111111111111111111111111111111111111
0000000000000000000000000000000000000100011111011111111111100
100000000111001101111111111111111111111111111111100000000000
1111000000001000000000000000001000000001000011111111111110100
100000000111111111101111111111111111111111111111111111111111
0000000000000000000000000000000000000010100000100011111111111
000000000100000001111111000000000000000000000000000000000000
0000000000000000000000000000000000010101111111111111111000000
000000000000000000000000000000000000000000000000000000000000
1111111111111111111111111111111111000110111111010000000000000
000000000111111101111111111111111111111111111111111111111111
0000000000000000000000000000000000000100000011111111111110011
111111111111110011111111111111110100000001111111010000000000
1111111111111111111111111111110110000001011101000000000001111
000000000010000001011111111111111111111111010111111111111111
1111111111111111111111111111110000000001011111111111111110000
100000000000000000001111111111111111111111111111111111111111
1111111111111000000000000000001010000001000010000000000000000
011111111111111111101111111111111111111111111111111111111111
0000000000000000000000000000000100000001011110000000000000100
100000000000000000000000000000000000000000000000000000000000
1111111111111111111111111111111000000001011111111111111111101
100000000000000000000000000000011111111111111111111111111111
1111111111111111111111111100000000000001111111111111111110111
100000000000000100000000000000000000000000000000000000011111
1111111111111111111111111111110001000001000001111111111110001
111111111111111111111111111111111111111111111111111111111111
0000000000000000000000000000000000000100011110000000000001100
111111111111101111111111111111110000000000000000000000000000
1111111111111111111000000000000000000100000001000000000000110
100000000001110111111111111110111111111111111111111111111111
1111111111111111111111111110000000000100011101111111111110001
100000000000000000000000000000000000000000000000000000111111
0000000000000000000000000000000000000010100000110000100010110
111010011001111111111100011111111111111111111000000000000000
0000000000000000000000000000001011000011011111100000000010111
111110111010101101000000000000000000000000000000000000000000
1111111111111111111111111111111111111011000000100000000011111
000000000000000001111111111111111111111111111111111111111111
0000000000000000000000000000000000000110000000100000000000000
110000000001111111000000000000000000000000000000000000000000
1111111111111111111100011111111100111000100011110000000000011
100000000101111111111111111111110111111111111111111111111111
0000000000000000000000000000000111111000111110000000000000111
100000000000000000000000000000000000000000000000000000000000
1111111111111111111111111111110010111000111111111111111110100
111111111001111111000000000000000000000000000000011100000111
0000000011111111111111111111111111100101111101111111111101010
100000000000000000000000000000000000000000000000000000000000
1111111111111111111111001000000000000001111101111111111110101
100000000000001000000000000000000000000000000011111111111111
1111111111111111111111111111111111111001101000101111111110100
100000001000000001111111111111111111111111111111111111111111
0000000000000000000000000000000101000110011100000000000010100
100000000000010100000000000000000000000000000000000000000000
0111110000000000000000000000001110000001000001111111111110011
100000000000001111110000000000000000000000000000000000000000
0000000000000000001111111000000000000001111100000000000000101
111111111111001011111111111111111111111111110000000010000000
1111111000000000000000000000001011111000111101111111111111100
100000000000000000000000000000001111111111111111111111111111
1111111111111111111111111111111111000001011110000000000001100
100000000000000000001111111111111111111111111111111111111111
0000000000000000000011100000000000000001111100000000000000100
111111111111101111111111111111111100000000000000000000000000
1111111111111111111111111111111111111011111000000000000010110
000000000000000000000011111111111111111111110111111111111111
1111111111111111111111111111111110000111000000010000000000000
111111000000000111111111111111111111111111111111111111111111
0000000000000000000000000000000000011010011100000000000011100
111111100000000011111100000000001000000000000000000000000000
0000000000000001111111111111111111111001011111111111100001111
100011111110000000000000000000000000000000000000000000000000
0000000000000000000000000000000010000110100000000000000000001
111111111111110100000000000000000000000000000000000000000000
1111111111111111111111111111110110000110111110000000000010100
111000011111011011100000000000000000000000000000011111111111
1111111111111111111111111111111011000001000011111111111111011
111111111111111111101111111111111101111111111111111111111111
0000000000000000000000000000000000000001111111111111111110110
111111111111001100000000000000000000000000000111111000000000
0000000000000000000000000000000000000100000011111111111110000
111111111111111011111111111101111111111110000000000000000000
0000001111111111111111111111111111111111111100000000000001011
100000000000000000000000000000000000000000000000000000000000
0000111111111111100000000000001100000001000000000000000000110
111111111111111111111111111111111111111111111111111111111111
0000000000000000000000000010000001000001011100000000000000001
100000000000000000010000000000000000000000000000000000000000
1000000000000000000000000000000000000001100011111111111111011
100000000000111000000000000001111101111111111111111111111111
1001111111111111111111111111110110000001000010000000000001101
111111111111111111100000000000000000000000001111111111111111
0000000000000001111111111111000000000001100001111111111110000
100000000000011111111111111111111111111111111111111111110000
0001110000000000000000000000000000000100000010000000000000101
100000000000101100000000000000000000000000000000000000000000
0000000000000000111110000000000000000100011101111111111111100
100000000000011000000000000000000000000000000000000000000000
1111111111111111100000000000000001111000111101111111111111110
100000000000000000000000000011111111111111111111111111111111
0000000000000000000000000000000010000011000000000000000010011
100000000000001011111111111111111111111111111111111000000000
1111111111111111111111111111011111110100101011111111110000000
100000000000000000000111111111111111111111111111111111111111
1111111111111111111111111111111111111111111111111111111110011
100000000000000000000000000000000000000000000000000111111111
0000000000000000000000000000001110111000100010000000000001110
111111111111111111111111111111111111111111111111111111111111
0000000000000001111111111110000001111000111111111111111111111
100000000000000000000000000000000000000000000000000000000000
1111111111111111111111111111111111110111111110000000000011010
111110000000001111111110000000000000011111111111111111111111
0000000000000000001111111111111111111111111100000000000000101
100000000000000000000000000000000000000000000000000000000000
0000000000000000000000000000000101111010101100010000000010010
100000000100010101000000000000000000000000000000000010000000
0001111111111111111111111111111101000001000000000000000001110
100000000000000011111111111110000000000000000000000000000000
1111111111111111111111111111110010000001011111111111111111100
000000000000000000001111111111111111111111111111111111111111
0011111111110000000000000000001101000001000010000000000000000
011111111111111111100000000000000000000000000000000000000000
1111111111100000000000000000000000000100000001111111111110110
100000000000100111111111111111111111111111111111111111111111
1111110111111111111111111111111111111011101010000000000101011
100000000000000000000000011111111111111111111111111111111111
1111111111111111111111111111111000111010000000000000000010011
000000000111100011111111111111111111111111111111111111111111
1111111111111111111111111111111111110111011111111111111000000
111111111111111111111111111111111111111111111111111111111111
1111111111111111111111111111111111100101001000011111111111111
000000001010000001000000011111111111111111111111111111111111
1111111111111111111111111111111111110101011111111111111110010
100000000000000000000000000000000000000000000000000001111111
0000000000000000000000000000000000000100110111111111111111010
000000000000000000000111111111111111100000000000000000000000
1111111111111111111111111111111110000001000011111111111111111
011111111111111111101111111011111111111111111111111111111111
1111111111111111111111111111111001000001000011111111111111100
011111111111111111101111111111111111111111111111111111111111
1111111111111111111111111111110011000001011101111111111111010
100000000000000000010000000000000000111111111111110001111111
1111111111100000000000000000000000000100000001111111111110001
100000000000111011111111111111111111111111111111111111111111
1111111111110000000000000000000000000000100010000000000001000
101111111111111111111111111111111111111111111111111111111111
1111111111111111110100000000000000000100000011111111111111101
100000000000010000000000000000000111111111111111111111111111
0000000000000000000000000000000000000100000001111111111111110
111111111111010111111111111111111111111111111100000000000000
1111111111111111111111111111111001000001011100000011111111001
100000000000000000000000000000000000001111111111111111111111
1111111111111111111111111111110100000001011111111111111110100
100000000000000000001111111111111111111111111111111111111111
0000000000000111111111111111111000000001000000000000000001111
111111111111111111111111111000000000000001111111111111111100
1111111111011111111111111111110010000001000010000000000001001
111111111111111111100000000000000000000000000000000001111111
0000000000000000000000000000000101000001011110000000000000101
100000000000000000000000000000000000000000000000000000000000
1111111111111110000000000000000000000100011100000000000000000
100000000000111100000000000000000000000000000000000000000011
1111111111111111111111111111111111000111100000000000000011111
111111111111111111111111111111111111111111111111111111111111
1111111111111111111111111111111111110101000000000000000011111
100000000000000000000011111111111111111111111111111111111111
1111111111111111111111111111111111111100011100000000000011111
100000000000000000000000001111111111111111111111111111111111
1111111111111111100000000000000000000100011100000000000000010
111111111111111000000000000001111111111111111111111111111111
1111111111111111111100000000000010000001000010000000000000100
111111111111111111111111111111111111111111111111111111111111
1111111111111111111111111111111111111111111101111111111111011
100000000000000000000000000000000011111111111111111111111111
1111111111111111110000000000000101000001000000000000000000101
111111111111111111111111111111111111111111111111111111111111
0000000000000000000000000000000000000010111011001111001111110
100010001000000001111111111100000000000000000000000000000000
1111111111111111111111111111110101000001000001111111111111111
011111111111111111111111111111111111111111100001111111111111
1111100000000000000011111000000100000001000010000000000001010
111111111111111111101111111111111111111111111111111111111111
1111111111111111111111100000000011000001000011111111111111001
111111111111111111101111111111111111111111111111111111111111
1111111111111111111111111111000100000001000000000000000000000
000000000000000000001111111111111111111111111111111111111111
0000000000000000000001111111111111111001110000100000000000100
000001000000000001111111100000000000000000000000000000000000
0000000000000000000000000000000000000011011100000000000011110
101000011111111111111111000010000000000000000000000000000000
1111111111111111111111111111111111111011110000000000000111011
000000000000000000000000000000000011111111111111111111111111
1000000000000000000000000000000000000000111100000000000001110
111111111111111111111111100000000000000000000000000000000000
0000000000000000000000000000000000000101111111111111111111110
100000000000000000000000000000000000000000000000000000000000
1111111111111111111111111111111010111000111101111111111111111
100000000000000000000000001111111111111111111111111111111111
0000000000000000000000000000000000000001100011111111111111010
111111111111111111111111110000000000000000000000000000000000
0000000000000000000000000000000000000100000001111111111110100
111111111111110111111111111111111111111111111111100000000000
1111111111111111111111111111110111000001000010000000000001111
111111111111111111100000000000000000000000100000000000000001
0000000000100000000000000000000000000001111100000000000001001
111111111111110000000000000000001111110000000000000000000000
1111111111111111111111011000000011000001011100000000000000010
000000000000000000011111111111111111111111111111111111111111
1100000000000000000000000000001101000001000011111111111111110
100000000000000111100000000001111111111111111111111111111111
0000000000000000000000000000000000000100011101111111111111001
111111111111001100000000000000000000000000000000001000000000
0000000000000000000000000000000000000000111111111111111110010
100000000000000000000000000000000000000000000000000000000000
1111000000000000000000000000000000000100000000000000000001100
111111111111010111111111111111111111111111111111111111111111
0000000000000000000000000000000111000001011100000000000000111
100000000000000000010000000000000000000000000000000000000000
0000001111111111111111000000001011000001000000000000000000011
111111111111111111110000000000000000000000000000000000000000
0000000000000000000000000000000000000111100001111111110011101
111111111111111111111111111111100000000000000000000000000000
0000000000000001111111111111111111000001000010000000000000111
111111111111111111100000000000000000000000000000000000000000
1111111111111111111111111111111111000110000000000000000011111
111111111111111111111111111111111111111111111111111111111111
1111111111111111111111111111110010000011100000000000000111111
111111111111001011111111111111111111111111111111111111111111
1111111111111111111111111111111111100100110111111111111111010
111111000000000000000000000000000000111111111111111111111111
0000000000000000000000000000000000000100111111111111111000011
100000000000000000000000000000000000000000000000000000000000
1111111111111111111111111111110000000001000011111111111111111
111111111111111111101111111111111111111110000000000000001111
0000000000000011111000000000000111111000111100000000000001101
100000000000000000000000000000000000000000000000000000000000
1111111111111111111111111111111100000001011101111111111111011
100000000000000000010000000000001111111111111111111111111111
0000000000000000111111111111111111111011111100110000000000110
100000000110000001000000000000000000000000000000000000000000
1111111100000000000000000000001010000001011101111111111110110
100000000000000000011111111111111111111111111111111111111111
0000000000000000000000000000011110000001011110000000000000000
100000000000000000000000000011111111111110000000000000000000
1111111111111110000000000000000111000001000000000000000000001
000000000000000000001111111111111111111111111111111111111111
1111111111111111111111111111111111000110100010110000000011001
100000000011111101111111111111111111110111111111111111111111
1111111111111111111111111111111111111001111001101111111111000
100000001000000001111111111111111111111111111111111111111111
1111111111111111111111111111111111000110111111000000000011000
100000000101111101000000000000000000000001111111111111111111
1111111111111111111111111111111111111001001111111111111111111
111111111111111111111111110111111111111111111111111111111111
1111111111111111111111111111111111000110100000000000000101111
100000000111111111111111111111111111111111111111111111111111
0000000000000000000000000000000000000000100011111111111111001
111111111111111111111111111111111111110000000000000000000000
0000000000000000001000000000000000000100100000000000000000101
111111111111100000000000000000000000000000000000000000000000
1111111111111111111111111111111111000001000000000000000000001
011111111111111111110000000111111111111111111111111111111111
0000000000000000000000000000000000000000000001111111111111010
111111111111111111111111111111111111100000000000000000000000
0000000011111111111111111111110100000001011100000000000001010
111111111111111111101111111111111111111111111111100000000000
0000000000000001100000000000000000000001111110000000000001110
100000000000011100000000000000000000000000000000000000000000
0000000000000000000000000000001111000001000000000000000001001
111111111111111111110000000000000000000000000000000000000000
0000000000000000000000111110000000000100011100000000000000011
111111111111000111111111111111111111111111111111111000100000
1111111111111111111111111111110010000001000001111111111111101
111111111111111111111111111111000000011111111110000001111111
1111111111111111111111111111111001000001000000000000000000000
100000000000000000011111111111111111110111111111111111111111
1111111111111111111111111111110001000001011111111111111110001
100000000000000000001111111111111111111111111111111111111111
1111111111111111111111111111110100000001000000000000000001100
100000000000011111110000000000000000000000000000011111111111
0000000000000000000000000000000110000001011110000000000000110
100000000000000000000000000000000000000000000000000000000000
1111111111111111111111111111000101111000100010000000000000000
111111111111111111111111111111111111111111111111111111111111
1111111111111111111111111111111111111011100000000000001001101
100000000111111111111111111111111111111111111111111111111111
0000000000000000000000000000000000000011100000000000000111111
111111111111100000000000000000000000000000000000000000000000
0000000000000000000000000000000000000100111111111111110000111
000000000000000000000000000000000000000000000000000000000000
0000000000000000000000000000000000000001111111111111111110011
111111111111010000000000000000000000000000000000000000000000
1111111111111111111000000000000000000001100001111111111110101
100000000000001111111111111111111111111111111111111111111111
0000000000000000000000000000001010000001011100000000000001111
111111111111111111100000000000000000000000000000000000000000
1111111111111111111111111000000000000001100000000000000000010
100000000000001011111111111111111111111111111111111111111111
0000000000000000000111111111100101000001000001111111111110000
111111111111111111110000000000000000000000000000000000000000
0000000000001111111111111111110100000001011110000000000001000
100000000000000000001111111111111111111111111111011111111000
1111111111111111111111111111111000000110100000000000000001100
100000000000011111111111111111111111111111111111111111111111
0000011111111111111111111111111000000101011110000000000001100
100000000000000000000000000000000000000000000000000000000000
1111111101111111111111111111110011111010100010000000000001010
100000000000111111111111111111111111111111111111111111111111
1111111111111111111111111111111001111010100000000000000011111
000000000000011111111111111111111111111111111111111111111111
1111111111100000000000000000000000000011100000000000000001001
111111111111000011111111111111111111111111111111111111111111
0000000000000000000000000000000000000110100000000000000011111
111111111111011000000000000000000000000000000000000000000000
0000000000001000000000000000000000000110111100000000000101000
111111111111001100000000000000000000000000000000000000000000
0000000000011111111111111111111100000011111110000000000001001
100000000000001000000000000000000000000000000000000000000000
1111111111111111111111111111110000000110100000000000000011111
000000011111000011111111111111111111111111111111111111111111
1111111111111111111111111111111010000110100000000000000000110
111100011111101011111111111111111111111111111111111111111111
1111111111111111111110000000000001000110100000000000000000100
111110000000000111111111111111111111111111111111111111111111
1111111111111111111111111111111011000001011101111111111110010
100000000000000000011111111111111111111111111111111111111111
1111000000000000000000000000001100000001011101111111111110101
100000000000000000011111111111111111111111111111111111111111
0001111111111000000000000000001101000001000000000000000000000
111111111111111111110000000000000000000000000000000000000000
0000000000000000000000000000001000000001000011111111111111000
111111111111111111101111111111111111111100000000000000000000
0000000000000000000000000111110000111000100010000000000000010
111111111111111111111111111111111111111111111111111111110000
1111111111111111111111111111111100000001000001111111111110100
111111111111111111110000000000001111111111111111111111111111
1111111111111111111111111111111001000001000011111111111111001
111111111111111111111111111111111111111111111111111111111111
1111111111111111111111111111110001000001011111111111111111100
100000000000000000000000000000000111111111111111111111111111
1111111100011111111111111111110001000001000000000000000001010
111111111111111111111111111111111111111111111111111100111111
1111111111111111111111111111111011000001000010000000000000101
111111111111111111101111111111111111111111111111111111111111
0000000000000000000000000000000000000010110111000000000011111
111111001000000001000000000000000000000000000000000000000000
1111111111111111111111111111111111111000000000000000000100011
100000111111111111111111111111111111111111111111111111111111
0000000000000000000000000000000000000100100111111111111111001
000000000000000000000111111111111111111000000000000000000000
0000011000000000000000000000000000000100000000000000000000011
000000000000110000000000000000000000000000000000000000000000
0000000000000000000000000000000000000100011110000000000001101
100000000000110100000000000000000000000000000000000000000000
1111110111111111111111111111111100000001000010000000000001011
111111111111111111101111111111111111111111111111111111111111
0000000000000000000000000111111000000110111110000000000100010
111111111111100000000000000000000000000000000000000000000000
1111111111111111111111111111100000000001000001111111111111111
100000000000000000011111111111111111111111111111111111111111
1111111111111111111111111111111110000001000001111111111110010
111111111111111111110000000011111111111111111111111111111111
0000000000000000000000000000000000000000100001111111111111110
111111111111111111111111111110000000000000000000000000000000
0000000000000000000000000000000000000001000001111111111111110
111111111111111111110000000000000000000000000000000000000000
0000000000000000000000000000000000000001111101111111111111101
100000000000000000000000000000100000000000000000000000000000
1111111111111111111111111111111101000001000011111111111110001
111111111111111111101111111111111111111111111111111111111111
1111100000000000000000000000000000000100000001111111111111100
100000000000101111111111111111111111111111111111111111111111
1111111111111111000000000000000110000001000001111111111111100
111111111111111111111111111111111111111111111111111111111111
1111111111111111111111111111111010000001011101111111111111010
100000000000000000011111111111111111111111111111111111111111
1111111111111111111111111111111010000001011111111111111111111
000000000000000000011111111111111111111111111111111111111111
1111111111111111111111111111111010000001000010000000000001000
111111111111111111100000000000000000111111111111111111111111
0000000000000000000000000000000000000100000001111111111111001
111111111111011111111111111111111111111111100000000000000000
1111111111111111111111110000000010000001011101111111111111001
100000000000000000011111111111111111111111111111111111111111
1111111111111111111111111110000000000100000001111111111111000
100000000000000111111111111111111111111111111111111111111111
0000000000000000000000000000000100000001011101111111111111000
111111111111111111110000000000000000000000000000000000000000
0000000000000000111111111111110111000001011100000000000000110
111111111111111111110000000000000000000000110000000000000000
0000000000000000000000000000001110000001000011111111111110111
111111111111111111101111111111111111111111111111111111111110
0000000000000010000000000000000000000100011100000000000000111
111111111111000000000000000000000000000000000000000000000000
0000000000000000000000000000000010000001011110000000000000010
100000000000000000000000000000000000000000000000000000000000
1111111111111111111111111000000000000100000001111111111111010
100000000000001011111111111111111111111111111111111111111111
1111111111111111111111111110001111000001011100000000000000001
100000000000000000010000000000000000000000000000000000000011
1111111111110000000000000000000000000100000000000000000000010
100000000000100011111111111111111111111111111111111111111111
1111111111111111111111111100000001000001000010000000000000001
111111111111111111101111111111111111111111111111111111111111
1111111111111111111111111111111111000110100000000000000010010
100000000000111011111111111111111111111111111111111111111111
0000000000000000000000000000000000000100100111111111111111111
000000000000000000000000001000000000000000000000000000000000
1111111111111111111111111111110000000110100000000000000000000
111000000000111111111111111111111111111111111111111111111111
0000000000000000001000000000000000000100011100000000000000011
100000000000010100000000000000000000000000000000000000000000
1111111111111111111111111111111111111000000000000000000011111
111111111111111111111111111111111111111111111111111111111111
0000000000000000000000000000000000000001100001111111111110111
100000000000000011111111111111111111111111100000000000000000
1111111111111111000000000000000110000001000001111111111110111
100000000000000000011111111111111111111111111111111111111111
1111111111111111111111111111110101000001000011111111111110110
111111111111111111101111111111111111111111111111111111111111
0000000000000000000000000000000000000000100001111111111110011
111111111111111111111111111111111111111111111111111000000000
1111111111111111111111111111110011000001000011111111111111000
111111111111111111100000000000000000000000000000001111111111
0000000000000000000000000000000000000001100001111111111110010
111111111111111111111111111111111111111111111111111110000000
1100000000000000000000000000001101000001011101111111111110001
100000000000000000011111111111111111111111111111111111111111
1111111111111111111111111111110000000001000001111111111111010
111111111111111111111111111111111111111111111111111111111111
1111111111111111111111111111100000000001000000000000000001111
100000000000000000001111111111111111111111111111111111111111
0000000000000000000000000000001111000001000011111111111111011
111111111111111111100000000000000000000000000000000000000000
1110000000000000000000000000000111111000100000000000000001101
111111111111111111111111111111111111111111111111111111111111
0000000000000000000000000000001010000001011100000000000001101
100000000000000011110000000000000000000000000000000000000000
0000000000000000000000000000001100000001011110000000000001100
100000000000000000000000000000000000000000000000000000000000
1111111111111111111111111100001100000001000000000000000000001
111111111111111111101111111111111111111111111111111111111111
0000000000000000000000000000000111000001000000000000000001011
111111111111111111110000000000000000000000000000000000000000
0000000000000000000000000000001011000001011110000000000000110
100000000000000000000000000000000000000000000000000000000000
0000000000000000000000000000001001000001011111111111111111111
000000000000000000000000000000000000000000000000000000000000
1111111111111000000000000000000000000001000000000000000001000
111111111111111111111111111111111111111111111111111111111111
0000000000000000000000000000000000000001000000000000000000111
100000000000000111110000000000000000000000000000000000000000
0000000000000000000000000000000111000001011110000000000000011
100000000000000000000000000000000000000000000000000000000000
1111111111111111111111111111110111000001011100000000000000100
100000000000000000011111111111111111111111111111111111111111
0000000000000000000000000000001000000001011100000000000000101
100000000000000000010000000000000000000000000000000000000000
1111111111111111111111111111111111111001111110000000011111101
110000000000000000000000000000011111111111111111111111111111
0000000000000000000000000000000000000100111111111111111111111
000000000000000000000000000000000000000000000000000000000000
0000000000000000000000000000000000000100101111111111111110111
000000000000000000000111111111111111111111100000000000000000
1111111111111111111111111111111111111010000000000000000000000
000000000000111111111111111111111111111111111111111111111111
1111111111111111111111111111111111111101000000000000000000000
111111111111111111111111111111111111111111111111111111111111
1111111111111111111111111111111111111000100000000000000000000
111111111111111111111111111111111111111111111111111111111111
0000000000000000000000000000000000000001011111111111111111111
000000000000000000000000000000000000000000000000000000000000
1111111111111111111111111111111110000001011100000000000000000
000000000000000000011111111111111111111111111111111111111111
1111111111111111111111111111111101000001011100000000000000000
000000000000000000011111111111111111111111111111111111111111
0000000000000000000000000000000000111000100011111111111110101
111111111111111111111111111111111111111111111100000000000000
1111111111111111111111111111110101000001011111111111111111111
000000000000000000011111111111111111111111111111111111111111
1111111111111111111111111111111111111000100011111111111110001
111111111111111111111111111111111111111111111111111111111111
1111111111111111111111111111111111000001000000000000000001110
111111111111111111111111111111111111111111111111111111111111
0000000000000000000000000000001110000001011111111111111111111
000000000000000000000000000000000000000000000000000000000000
1100000000000000000000000000000011111000100000000000000001101
111111111111111111111111111111111111111111111111111111111111
0000000000000000000000000000001001000001000000000000000001001
111111111111111111100000000000000000000000000000000000000000
1111111111111100000000000000000000000100000000000000000000111
111111111111111111111111111111111111111111111111111111111111
0000000000000000000000000000000011000001000011111111111111111
111111111111111111100000000000000000000000000000000000000000
0000000000000000000000000000000000000100011111111111111111111
000000000000000000000000000000000000000000000000000000000000
1111111111111111111111111111111111111010000000000000000100000
000011111111111111111111111111111111111111111111111111111111
0000000000000000000000000000000000000101011111111111100000000
000000000000000000000000000000000000000000000000000000000000
1111111111111111111111111111111111111010111111111111111100000
111111111111111111111111111111111111111111111111111111111111
0000000000000000000000000000000000000101000111111111111111111
000000000000000000000000000000000000000000000000000000000000
0000000000000000000000000000000111111010100000000000000100000
000000000000000000000000000000000000000000000000000000000000
0000000000000000000000000000001111111010100000000000000000000
111111111111000000000000000000000000000000000000000000000000
0000000000000000000000000000001110000110100000000000000011111
000000000000111000000000000000000000000000000000000000000000
1111111111111111111111111111110000000000100000000000000000000
111111111111111111111111111111111111111111111111111111111111
1111111111111111111111111111111111111001111111111111111111111
110000011111111111111111111111111111111111111111111111111111
0000000000000000000000000000000000000101000111111110000011111
000000000000000000000000000000000000000000000000000000000000
1111111111111111111111111111111111000110000000000000000000000
000000011111111111111111111111111111111111111111111111111111
0000000000000000000000000000000100111010100000000000000100000
000000000000010000000000000000000000000000000000000000000000
1111111111111000000000000000000000000010000000000000000001000
000000000000000000000011111111111111111111111111111111111111
0000000000000000000000000000000000000100111111111111111110111
000000000000000000000000000000000000000000100000000000000000
0000000001110000000000000000000000000101000000000000000101000
000000000000000000000000000000000000000000000000000000000000
1111111111111111111111111111111111111001100000000000000000000
111111011111111111111111111111111111111111111111111111111111
1111111111111111111111111111110110000110100000000000000011111
110000011111011011111111111111111111111111111111111111111111
0000000000000000000000000000000000000011000000000000000011111
000000000000111100000000000000000000000000000000000000000000
0000000000000000000000000000000000000110000000000000000000000
000000011111011100000000000000000000000000000000000000000000
1111111111111111111111111111111111000110100000000000000000000
111111111111111011111111111111111111111111111111111111111111
0000000000000000000000000000001100000011100000000000000011111
000000000000101100000000000000000000000000000000000000000000
1111111111111111111111111111110011000110000000000000000000000
111111011111001111111111111111111111111111111111111111111111
1111111111111111111111111111111111111100100000000000000011111
111111111111111111111111111111111111111111111111111111111111
1111111111111111111111111111111111111100100000000000000111111
111111111111111111111111111111111111111111111111111111111111
0000000000000000000000000000000000000101011111011111111111111
000000000111111111000000000000000000000000000000000000000000
