########################Synthesis Result############################
--------------------------------------------------------------------------------   
Gates                                     9023.385443
FFs                                          121
Arrival time                                  -1.69

##########################ATPG Result##############################
--------------------------------------------------------------------------------   
Faults                                  4648
Patterns                                303
Fault_Coverage                           84.96%
CPU_Runtime                             0.47

#########################X-Fill Result##############################
--------------------------------------------------------------------------------   
PID      X-ratio      0-fill      1-fill      r-fill      my-fill   
   0        67.76           860           957          1739            728   
   1        67.76           842           662          2000            539   
   2        85.12           611           304          1854            304   
   3        71.90           907           963          2270            744   
   4        71.90           971           852          1859            864   
   5        67.76           616           654          1482            452   
   6        62.80           555           497          1623            425   
   7        74.38           623           929          2008            544   
   8        71.90           912           823          1761            694   
   9        71.07           778           678          1839            582   
  10        74.38           488           670          1705            480   
  11        71.07           843           953          1726            693   
  12        91.73           375           318          2210            264   
  13        73.55           588           679          1959            500   
  14        81.81           395           334          1521            227   
  15        80.16           530           451          1925            425   
  16        74.38           686           555          1584            593   
  17        79.33           520           509          2195            358   
  18        67.76           857           792          2187            781   
  19        76.03           526           552          1866            454   
  20        75.20           649           378          1958            364   
  21        68.59           543           504          1744            308   
  22        77.68           423           525          1498            365   
  23        76.03           394           528          1573            335   
  24        74.38           609           958          2015            536   
  25        83.47           306           339          1696            222   
  26        83.47           469           618          2160            317   
  27        72.72           953           963          1954            817   
  28        76.85           764           721          1780            645   
  29        79.33           366           294          1472            193   
  30        74.38           687           541          1775            447   
  31        74.38           706           690          1917            497   
  32        75.20           514           489          1857            361   
  33        91.73           335           377          2145            240   
  34        74.38           466           401          1787            333   
  35        77.68           747           798          2091            613   
  36        72.72           796           748          1684            655   
  37        83.47           340           315          1889            228   
  38        82.64           433           591          1677            408   
  39        81.81           348           533          1764            346   
  40        79.33           482           438          1629            302   
  41        78.51           496           525          1853            267   
  42        81.81           525           424          1900            338   
  43        76.85           458           639          1781            397   
  44        74.38           594           582          1990            464   
  45        80.16           501           548          1903            404   
  46        72.72           846           864          2160            780   
  47        67.76           769           696          1887            595   
  48        84.29           340           500          2116            281   
  49        76.85           230           534          2003            200   
  50        68.59           652           528          1800            474   
  51        78.51           366           273          1435            212   
  52        74.38           815           775          2010            637   
  53        83.47           734           649          1992            598   
  54        80.16           719           592          1810            509   
  55        71.07           972           640          2081            613   
  56        71.07           643           775          2056            641   
  57        77.68           364           692          1707            345   
  58        80.99           638           592          1970            509   
  59        80.99           625           471          1889            419   
  60        80.99           577           427          1780            397   
  61        80.99           511           533          1881            365   
  62        80.16           578           601          1733            521   
  63        80.99           326           469          1720            226   
  64        67.76           473           782          1627            520   
  65        79.33           422           468          1721            298   
  66        85.95           341           469          1944            327   
  67        68.59           692           782          1708            680   
  68        81.81           572           531          1780            445   
  69        81.81           614           425          1970            413   
  70        81.81           501           558          2274            366   
  71        90.90           348           330          1909            225   
  72        79.33           520           672          2018            401   
  73        81.81           386           511          1950            384   
  74        80.99           497           459          1429            368   
  75        78.51           657           734          1707            505   
  76        80.16           580           333          1851            356   
  77        81.81           408           577          1802            406   
  78        82.64           555           447          1953            391   
  79        79.33           595           457          1681            366   
  80        69.42           445           657          1649            412   
  81        79.33           727           549          1683            515   
  82        90.08           334           243          2098            168   
  83        83.47           604           585          1999            542   
  84        83.47           420           221          1424            153   
  85        76.03           586           528          1865            491   
  86        91.73           302           357          1982            240   
  87        66.11          1053          1001          2074            983   
  88        79.33           481           639          1752            405   
  89        82.64           670           444          1620            355   
  90        81.81           361           468          1871            331   
  91        81.81           533           466          1783            347   
  92        77.68           623           703          1927            614   
  93        69.42           506           498          1630            389   
  94        93.38           256           154          1886            209   
  95        82.64           577           482          1823            419   
  96        84.29           738           619          2187            461   
  97        86.77           522           515          1979            496   
  98        81.81           495           405          1613            312   
  99        84.29           586           408          1971            320   
 100        80.99           663           697          2111            661   
 101        81.81           466           411          1858            292   
 102        85.95           393           423          2211            361   
 103        80.99           441           555          1952            356   
 104        80.16           540           569          1871            341   
 105        80.99           545           639          1691            469   
 106        83.47           581           556          2078            469   
 107        80.16           403           528          1864            306   
 108        77.68           631           767          1969            531   
 109        82.64           475           589          1681            473   
 110        81.81           398           551          1905            323   
 111        89.25           219           179          1584            168   
 112        80.99           393           480          1799            269   
 113        82.64           271           325          1301            206   
 114        80.99           475           665          1612            401   
 115        80.16           489           694          1794            431   
 116        90.90           407           273          1965            241   
 117        82.64           460           602          1943            404   
 118        71.90           756           633          1638            597   
 119        81.81           448           463          1700            375   
 120        78.51           601           754          2150            554   
 121        81.81           490           461          1808            369   
 122        85.12           299           440          1621            251   
 123        72.72           459           649          1931            402   
 124        76.03           422           539          1582            373   
 125        82.64           394           496          1637            323   
 126        86.77           396           518          1904            287   
 127        86.77           531           326          1776            236   
 128        80.99           548           374          1652            323   
 129        82.64           542           526          2212            388   
 130        82.64           672           504          1906            433   
 131        80.99           472           656          2017            483   
 132        80.99           529           507          1852            363   
 133        82.64           543           627          1788            499   
 134        80.99           454           552          1920            378   
 135        82.64           491           559          2019            466   
 136        87.60           463           417          1698            278   
 137        83.47           434           527          1771            310   
 138        83.47           329           456          1778            327   
 139        81.81           347           492          1724            313   
 140        85.12           421           390          1883            383   
 141        81.81           327           476          1812            294   
 142        81.81           236           259          1725            166   
 143        82.64           366           365          1784            286   
 144        85.12           542           586          1866            515   
 145        82.64           473           386          1738            230   
 146        80.16           566           457          1670            289   
 147        81.81           549           488          2189            362   
 148        82.64           440           528          2097            430   
 149        75.20           601           474          1435            464   
 150        81.81           639           724          2350            599   
 151        80.16           371           474          1752            358   
 152        86.77           233           374          1576            239   
 153        66.94           775           742          1663            730   
 154        72.72           662           440          1815            413   
 155        66.94           566           621          1576            494   
 156        87.60           349           211          2036            211   
 157        75.20           533           476          1566            369   
 158        88.42           372           281          2115            281   
 159        82.64           395           515          1617            383   
 160        85.12           379           417          1787            221   
 161        93.38           307           266          1901            259   
 162        80.16           734           777          1841            648   
 163        83.47           410           423          1846            324   
 164        83.47           357           534          1847            338   
 165        79.33           583           533          1326            455   
 166        80.16           569           670          2143            505   
 167        82.64           382           540          1887            335   
 168        83.47           467           374          1808            355   
 169        80.16           426           725          1870            432   
 170        82.64           411           589          2050            409   
 171        82.64           526           406          1611            392   
 172        81.81           442           515          2097            411   
 173        87.60           275           267          1732            147   
 174        85.95           467           524          1573            227   
 175        85.12           453           343          1640            255   
 176        83.47           539           468          1781            393   
 177        80.99           387           641          1692            366   
 178        83.47           338           455          1700            331   
 179        81.81           479           524          1761            440   
 180        80.16           674           673          2118            621   
 181        78.51           433           492          1775            379   
 182        81.81           481           466          1732            454   
 183        78.51           756           689          1618            671   
 184        87.60           420           350          1728            328   
 185        79.33           359           476          1831            354   
 186        85.95           269           373          1621            253   
 187        78.51           549           687          1803            514   
 188        79.33           435           377          1592            331   
 189        78.51           300           359          1520            278   
 190        72.72           492           667          1781            440   
 191        71.90           483           568          1957            443   
 192        81.81           693           582          1747            563   
 193        80.16           657           650          2134            529   
 194        81.81           333           490          1974            305   
 195        81.81           521           606          1888            382   
 196        80.99           754           626          2195            532   
 197        82.64           470           608          2088            443   
 198        85.12           418           425          2135            339   
 199        82.64           578           442          1954            371   
 200        80.99           658           786          1720            596   
 201        81.81           613           578          1897            481   
 202        80.99           381           507          1625            362   
 203        80.99           416           397          1554            214   
 204        87.60           515           395          1806            377   
 205        85.95           234           397          1554            233   
 206        83.47           458           440          1839            456   
 207        80.99           517           591          1604            426   
 208        75.20           635           636          2149            521   
 209        82.64           231           345          1481            173   
 210        80.99           647           603          2011            442   
 211        89.25           316           286          1773            276   
 212        83.47           295           428          1500            265   
 213        90.90           324           344          2043            309   
 214        82.64           584           464          1858            378   
 215        83.47           381           424          2057            285   
 216        80.99           452           524          1734            324   
 217        83.47           625           650          2291            563   
 218        88.42           375           324          2005            235   
 219        82.64           446           654          1862            434   
 220        84.29           464           384          1725            306   
 221        81.81           492           559          1979            436   
 222        82.64           415           385          1731            282   
 223        83.47           444           569          2021            411   
 224        81.81           596           655          2079            560   
 225        80.99           640           584          1837            399   
 226        86.77           273           382          1600            259   
 227        83.47           413           606          1834            411   
 228        83.47           519           534          1794            429   
 229        80.99           402           572          1434            413   
 230        84.29           321           529          2231            309   
 231        81.81           384           513          1616            360   
 232        79.33           648           636          1806            528   
 233        86.77           368           327          1505            252   
 234        81.81           249           345          1564            202   
 235        81.81           378           564          1725            315   
 236        90.90           134           184          1588             93   
 237        87.60           398           377          1784            300   
 238        82.64           385           555          1957            339   
 239        82.64           774           644          1944            558   
 240        89.25           355           281          1655            293   
 241        83.47           617           562          1932            407   
 242        88.42           449           401          1973            415   
 243        81.81           511           546          1744            477   
 244        83.47           471           546          2006            392   
 245        83.47           311           460          2003            186   
 246        83.47           443           458          1733            323   
 247        88.42           336           459          1742            328   
 248        82.64           508           712          2116            503   
 249        85.12           408           553          1894            405   
 250        82.64           299           523          1787            266   
 251        82.64           357           579          1701            338   
 252        82.64           474           584          2207            472   
 253        88.42           356           317          1735            248   
 254        87.60           259           538          1718            207   
 255        87.60           177           453          1778            173   
 256        84.29           293           399          1708            290   
 257        82.64           549           577          2081            457   
 258        83.47           444           639          2123            442   
 259        82.64           526           370          1828            326   
 260        94.21           327           151          1767            115   
 261        87.60           471           390          1783            438   
 262        83.47           276           292          1794            126   
 263        95.86           153           158          1872            117   
 264        88.42           275           283          1889            179   
 265        90.08           229           258          2241            120   
 266        90.08           228           260          1802            216   
 267        90.08           294           258          2061            282   
 268        88.42           597           465          1746            537   
 269        90.08           416           319          2384            299   
 270        88.42           557           281          1838            340   
 271        88.42           444           477          1683            291   
 272        90.08           290           319          1808            183   
 273        88.42           395           459          2133            389   
 274        85.12           420           597          2159            401   
 275        88.42           186           353          1852            147   
 276        89.25           243           347          1929            208   
 277        95.04           178           152          2138            116   
 278        90.08           261           267          1910            229   
 279        92.56           343           238          1838            248   
 280        94.21           341           154          1823            210   
 281        93.38           263           327          1755            197   
 282        86.77           407           347          1959            337   
 283        81.81           337           347          1411            237   
 284        82.64           247           438          1779            303   
 285        95.04           140            76          2238            111   
 286        89.25           366            85          1755             85   
 287        84.29           255           348          1657            304   
 288        77.68           166           267          1607            117   
 289        81.81           432           456          1893            430   
 290        89.25           216           429          1659            227   
 291        86.77           581           441          1566            376   
 292        81.81           403           671          1608            401   
 293        88.42           163           195          1991            130   
 294        77.68           334           451          2059            372   
 295        80.99           106           359          1912            162   
 296        80.99           128           351          2288            124   
 297        81.81           265           289          1569            222   
 298        82.64           196           355          1676            252   
 299        80.99           265           360          1663            211   
 300        90.90           155           184          1876            175   
 301        90.08           309           183          1665            174   
 302        89.25           506           341          1871            315   
