1111111111111111111111111111111111000101011001011110100111010
111111110001111100111000111111111111111111111111111111111111
1111111111111111111111111111111111100101011111001111111110001
100000010111111111110110111111111111111111111111111110011111
1111111111111111111111111111111111111000011111111011100111111
111111111011111111111111111111111111111111111111111111111111
1111111111111111111111111111111111111001010100110101011110111
111111110101111111111011011111111111111110111111111111111111
1111111111111111111111111111101100111010111100101100000010010
111111110011101111111111111111111111111111111111111111111111
1111111111111111111111111111111111110011011010011000000010111
100000010101010111111111111111111111111111111111111111111111
1111111111111111111111111111111000110110111000111000000001111
011111000011100001001111111111111111111111111111111111111111
1111111111111111111111111111111111110100011010001101111011001
111111110001011111111111111111111111110111011111111111111111
1111111110111111111111111111101111111000111010101111111110001
111111110001111101111111111111111111111111111111111111011101
1111111111011111111111111111101001110001011000011111111100110
011111111011111101111111111111111111111111111111111111111111
1111111111111111111111111110100000110001011100101011111100000
111111110001111111011111111111111111111111111111111111111111
1111111111111111111111111111111000110001011010101111111110101
111111110001111101111111111111111111111001111101111111111111
1111111111111111111111111111111111111111111101111111111110000
111111111111111111111111111111111111111111111111111111101111
1111111111100111111111111111101000110001011001111111111100010
111111110011111101111111111111111111111111111111111111111111
1111111111111101111111111001100111111000111111111111111100001
111111111111111111111111111111111111111111111111111111111111
1111111111111111111111111111110111111010111110011100000011111
111111110101111111111111111111111111111111111111111111111111
1111111111111111111111111111111111110100111110111100000010111
111111110011111101110111111111111111111111111111111111111111
1111111111111111111111111111111111111001100110101100111111111
111000010011111101111111111111111111111111111111111111111111
1111111111111111111111111111110010111010111000011100000010110
111111110001001001111111111111111111111111111111111111111111
1111111111111111111111111111111111110111111111111100000010110
100000011111111111110111111111111111111111100111111111111111
1111111111111111111111111111110101110011111111111100000011111
011111110111010111111111111111111111111111111111111111111111
1111111111111111111111111111100000110110111110111100000011111
000000111000000011111111111111111111111111111111111111111111
1111111111111111111111111111111111110100011011001111111111100
111111110101110011111111111111110111111111111111111111111111
1111111111111101111110111111111111110001111111101111111101111
111111111000001101111111111111111111111111111111111111111101
1111111111111111111111111111111111000100111011111110111110000
111111111011110110111111111111111111111111111110111010110111
1111111111111111111111111111100111111000111001111111111100111
111111111111111111111111111111111111111111111111111111111111
1111111111111111111111111111111101111000111101111111111110010
111111111111111111111111111111111110111011111111111111111111
1111111111111111111111111111111111010101010001001111011110101
111111110111111101111001011111111111111111111111111111111111
1111111111111111111111111111111111110101000110001111111110101
111111111001111111111111011111111111111111111001111111111111
1111111111111111111111111111111111110011111011111100000001111
111111111111001111111111111111111111111111111111111111111111
1111111111111111111111111111111111110100011111011111111111100
111111110111001101111111111111111111111111111111100111111111
1111011111101111111111111111101000110001011011111111111110100
111111110111111111101111111111111111111111111111111111111111
1111111111111111111111111111111111110010100110100011111111111
100000000101111101111111111111111111111111111111111111111111
1111111111111111111111111111111111010101111111111111111011111
111111111111111111111110111111111111111111111111111111111111
1111111111111111111111111111111111110110111111011100000001111
111111100111111101111111111111111111111111111111111111111111
1111111111111111111111111111111111110100011011111111111110011
111111111111110011111111111111110101111101111111010111111111
1111111111111111111111111111110110110001011101111111111101111
011111100011111101011111111111111111111111010111111111111111
1111111111111111111111111111110000110001011111111111111110000
111111111111111111001111111111111111111111111111111111111111
1111111111111111111111111111101010110001011011111111111111000
011111111111111111101111111111111111111111111111111111111111
1111111111111111111001111111100100110001011111111111111100100
111111111111111111001111111111111111111111111111111111111111
1111111111111111111111111111111000110001011111111111111111101
111111111111111111001111111110011111111111111111111111111111
1111111111111111111111111101111011110001111111111111111110111
111111111110000111111111111111111111111110011111111111011111
1111111111111111111111111111110001110001011001111111111110001
111111111111111111111111111111111111111111111111111111111111
1110000111111111111111111111111111110100011111111111111101100
111111111111101111111111111111110001010111111111111111111111
1111111111111111111111111111111111110100011001111111111100110
111111110001110111111111111110111111111111111111111111111111
1111111111111111111111111110011111110100011101111111111110001
111111111110000011111111111111111111111111111111111110111111
1111111111111111111111111111111111110010100110111110100010110
111010011001111111111111011111111111111111111111111111111111
1111111111111111111111111111101011110011011111111100000010111
111110111010101101111111111111111111111111011111111111111111
1111111111111111111111111111111111111011011110101100000011111
111111110001111101111111111111111111111111111111111111111111
1111111111111111111111111111110111110110011110101100000011111
110000010001111111111111111111111111111111111111111111111111
1111111111111111111101011111111100111000111011111100000000011
111111110101111111111111111111110111111111111111111111111111
1111111111111001111111111111100111111000111111111100000000111
111111111111111111111111111111111111111111111111111111111111
1111111111111111111111111111110010111000111111111111111110100
111111111001111111111111111111111111111111111110011101110111
1111111011111111111111111111111111100101111101111111111101010
111111111111111111111101111111111111111111111111111111111111
1111111111111111111111101111111111110001111101111111111110101
111111111110001011111111111111111111111111111011111111111111
1111111111111111111111111111111111111001101000101111111110100
100000001001111101111111111111111111111111111111111111111111
1111111111111111111111111111100101110110011111111100000010100
100000011110010111111111111111111111111111111110111111111111
0111110101111111111111111111101110110001011001111111111110011
111111111111101111111111111111111111111111110111111111111110
1111111111111111101111111111111111110001111101111111111100101
111111111111001011111111111111111111111111111111111011111111
1111111111111111111111111111101011111000111101111111111111100
111111111111111111111111111111101111111111111111111111111111
1111111111111111111111111111111111110001011111111111111101100
111111111111111111001111111111111111111111111111111111111111
1111111111111111111011111111111111110001111101111111111100100
111111111111101111111111111111111101111111111111111111111111
1111111111111111111111111111111111111011111111111100000010110
111111110111111110111011111111111111111111110111111111111111
1111111111111111111111111111111111010111011110011100000011111
111111110001110111111111111111111111111111111111111111111111
1110111111111111111011111111100000011010011101111100000011100
111111110110000011111111111111101111111111111110111111111111
1111111111111001111111111111111111111001011111111111111101111
111011111111111111111100011111111111111111111111111111111001
1111111111111111111111111111111011110110111111111100000011101
111111111111110111111111111111111111111111111111111111111111
1111111111111111111111111111110110110110111111110000000010100
111000011111011011111111111111111111111111111111011111111111
1111111111111111111111111111111011110001011011111111111111011
111111111111111111101111111111111101111111111111111111111111
1111111111111111111111111111111111110001111111111111111110110
111111111111001111111111111111111111111111100111111111111111
1111111111111111111111111111111111110100011011111111111110000
111111111111111011111111111101111111111111111111111111110111
1111101111111111111111111111111111111111111101111111111101011
111111111111111111111111111111111111111111111111111111111111
0110111111111111111111111111101100110001011001111111111100110
111111111111111111111111111111111111111111111111111111111111
1111111111111111111111111011100001110001011101111111111100001
111111111111111111011111111111111111111111111111111111111111
1111111111111111111111111111111111110001111011111111111111011
111111111110111011111111111101111101111111111111111111111111
1101111111111111111111111111110110110001011011111111111101101
111111111111111111101111111111111111111111101111111111111111
1111111111111001111111111111111111110001111001111111111110000
111111111110011111111111111111111111111111111111111111111111
1101110111111111110111111111111111110100011011111111111100101
111111111110101111111111111111111111111111111111111111111111
1111111111111110111111111111111111110100011101111111111111100
111111111110011011111111111111111111111111111111111111111111
1111111111111111111111111000100001111000111101111111111111110
111111111111111111111111111011111111111111111111111111111111
1111111111111111111111111111100010110011011001111100000010011
100000011110001011111111111111111111111111111111111111111111
1111111111111111111111111111011111110100101011111111111100000
100101111111111111110111111111111111111111111111111111111111
1111111111111111111111111111111111111111111111111111111110011
111111111111101111111111111111111111111111111111100111111111
0111111111111111111111111111101110111000111011111111111101110
111111111111111111111111111111111111111111111111111111111111
1111111111111101111111111111100001111000111111111111111111111
111111111111111111111111110111111111111111111111111111111111
1111111111111111111111111111111111110111111111111100000011010
111110011111101111111111111111111110011111111111111111111111
1111111111111111101111111111111111111111111101111111111100101
111111111111111111111111111111111111111111111111111111111111
1111111111111111111111111111100101111010101110011100000010010
111111100100010101111111111111111111111111111111111011111111
1101111111111111111111111111111101110001011001111111111101110
111111111111111011111111111110011111111111111111111111111111
1111111111111111111111111111110010110001011111111111111111100
011111111111111111001111111111111111111111111111111111111111
1011111111111111111111111111101101110001011011111111111111000
011111111111111111101111111111111111111111111111111111111111
1111111111111111111111111111111111110100011001111111111110110
111111111110100111111111111111111111111111111111111111111111
1111110111111111111111111111111111111011101011111100000101011
111111110111111111111001011111111111111111111111111111111111
1111111111111111111111111111111000111010000111111100000010011
100000010111100011111111111111111111111111111111111111111111
1111111111111111111111111111111111110111011111111111111111111
111111111111111111111111111111111111111111111111111111111111
1111111111111111111111111111111111100101001110011111111111111
111111101011111101111011011111111111111111111111111111111111
1111111111111111111111111111111111110101011111111111111110010
111111111111111111111100111111111111111111111111111101111111
1111111111111111111111111111111111110100110111111111111111010
111111111111111111110111111111111111111111111111111111111111
1111111111111111111111111111111110110001011011111111111111111
011111111111111111101111111011111111111111111111111111111111
1111111111111111111111111111111001110001011011111111111111111
011111111111111111101111111111111111111111111111111111111111
1111111111111111111111111111110011110001011101111111111111010
111111111111111111011111111111111110111111111111111101111111
1111111111111111111111111111111111110100011001111111111110001
111111111110111011111111111111111111111111111111111111111111
1111111111110111111111111111111111110000111011111111111101000
101111111111111111111111111111111111111111111111111111111111
1111111111111111110101111111111111110100011011111111111111101
111111111110010011111111111111110111111111111111111111111111
1111111111111111111111111111110111110100011001111111111111110
111111111111010111111111111111111111111111111101111111111111
1111111111111111111111111111111001110001011101111011111111001
111111111111111111001111111111111111101111111111111111111111
1111111111111111111111111111110100110001011111111111111110100
111111111111111111001111111111111111111111111111111111111111
1111111111110111111111111111111000110001011001111111111101111
111111111111111111111111111111111111111101111111111111111111
1111111111011111111111111111110010110001011011111111111101001
111111111111111111101111111111111111111111111111111001111111
1111111111111111110111111111100101110001011111111111111100101
111111111111111111001111111111111111111111111111111111111111
1111111111111111111111111110111111110100011101111111111100000
111111111110111111111111111111111111111111111111111111111011
1111111111111111111111111111111111110111111111111100000011111
111111111111111111111111111111111111111111111111111111111111
1111111111111111111111111111111111110101011011111100000011111
111111011111111111111011111111111111111111111111111111111111
1111111111111111111111111111111111111100011101111100000011111
111111111111111111111111101111111111111111111111111111111111
1111111111111111111111101111111111110100011101111111111100010
111111111111111011111111110101111111111111111111111111111111
1111111111111111111101100111100010110001011011111111111100100
111111111111111111111111111111111111111111111111111111111111
1111111111111111111111111111111111111111111101111111111111011
111111111111111111111111111111111011111111111111111111111111
1111111111111111111111111111100101110001011001111111111100101
111111111111111111111111111111111111111111111111111111111111
1111111111111111111111111111111111110010111011001111101111110
100010001001111101111111111111111111111111111111111111111111
1111111111111111111111111111110101110001011001111111111111111
011111111111111111111111111111111111111111111001111111111111
1111111101111111111011111111100100110001011011111111111101010
111111111111111111101111111111111111111111111111111111111111
1111111111111111111111111111100011110001011011111111111111001
111111111111111111101111111111111111111111111111111111111111
1111111111111111111111111111100100110001011111111111111111000
011111111111111111001111111111111111111111111111111111111111
1111111111111111101001111111111111111001110110101111110000100
100001000001111101111111111111111111111111111111111111111111
1111111111111111111111111111111111110011011101111100000011110
101000011111111111111111111011111111111111111111111111111111
1111111111111111111111111111111111111011110111111100000111011
111111111111111111111110111111111011111111111111111111111111
1111111111111111111111111111111111110000111101111111111101110
111111111111111111111111111111111111111111111111111111111110
1111111111111111111111111111111111000101111111111111111111110
111111111111111111111111111101111111111111111111111111111111
1111111111111111111111111111111010111000111101111111111111111
111111111111101111111111101111111111111111111111111111111111
1111111111111111111111111111111111110001111011111111111111010
111111111111111111111111110111111111011111111111111111111111
1111111111111111111111111111111111110100011001111111111110100
111111111111110111111111111111111111111111111111111111111111
1111111111111111111111111111110111110001011011111111111101111
111111111111111111101111111111111111111110111111111111111101
1111111110111111111111111111111111110001111101111111111101001
111111111111110011111111111111101111111111111111111111111111
1111111111111111111111011111100011110001011101111111111111010
011111111111111111011111111111111111111111111111111111111111
1111111111111111111111111111101101110001011011111111111111110
111111111111110111101111111101111111111111111111111111111111
1111111111111111111111111111111111110100011101111111111111001
111111111111001111111111111111111111101111111111101111111111
1111111111111111111111111111111111110000111111111111111110010
111111111111111111111111111111111111111111111111111001111111
1111111111111111111111111111111111110100011001111111111101100
111111111111010111111111111111111111111111111111111111111111
1111111111111111111111111111100111110001011101111111111100111
111111111111111111011111111111111111111111111111111111111111
1111101111111111111111111111101011110001011001111111111100011
111111111111111111111111111111111111111111111111111111111111
1111111111111111111111111111111111110111111001111111110011101
111111111111111111111111111111111111111111111111111111111111
1111111111111101111111111111111111110001011011111111111100111
111111111111111111101111101111111111111111111111111111111111
1111111111111111111111111111111111110110011111111100000011111
111111111111111111111111111111111111111111111111111111111111
1111111111111111111111111111110010110011111111111100000111111
111111111111001011111111111111111111111111111111111111111111
1111111111111111111111111111111111110100110111111111111111010
111111111111111111110111111111111110111111111111111111111111
1111111111111111011110000111111111110100111111111111111100011
111111111111111111110111111111111111111111111111111111111111
1111111111111111111111111111110000110001011011111111111111111
111111111111111111101111111111111111111111111111111111101111
1011111111111011111111111111100111111000111101111111111101101
111111111111111111111111111111111111111111111111111111111111
1111111111111111111111111111111100110001011101111111111111011
111111111111111111011111111111101111111111111111111111111111
1111111111111110111111111111111111111011111100111100000000110
111111100111111101111111111111111111111111111111111111111111
1111111101111111111111111111101010110001011101111111111110110
111111111111111111011111111111111111111111111111111111111111
1111111111111111111111111111011111110001011111111111111100000
111111111111111111001111101011111111111111111111111111111111
1111111111111111111111111111100111110001011111111111111111101
011111111111111111001111111111111111111111111111111111111111
1111111111111111111111111111111111110110111010111100000011001
111111100011111101111111111111111111110111111111111111111111
1111111111111111111111111111111111111001111001101111111111000
100000001001111101111111111111111111111111111111111111111111
1111111111111111111111111111111111110110111111001100000011000
111111100101111101111111111111111111111001111111111111111111
1111111111111111111111111111111111111001001111111111111111111
111111111111111111111111110111111111111111111111111111111111
1111111111111111111111111111111111110110111101111100000101111
111111110111111111111111111111111111111111111111111111111111
1111111111111111111111111111111111110000111011111111111111001
111111111111111111111111111111111111111111111111111111111111
1111111111111111101111111111110111110100111111111100000000101
111111111111111111110111111111111111111111111111111111111111
1111111111111111111111111111111111110001011101111111111111001
011111111111111111111111110111111111111111111111111111111111
1111111111111111111111111111111111111111111101111111111111010
111111111111111111111111111111111111111111111111111111111111
1111111011111111111111111111110100110001011101111111111101010
111111111111111111101111111111111111111111111111111111111111
0111111111111101111111111111111111110001111111111111111101110
111111111110011111111111111111111111111111111111111111111111
1111111111111111111111111111101111110001011001111111111101001
111111111111111111111111111111111111111111111111111111111111
1111111111111111111110111111111111110100011101111111111100011
111111111111000111111111111111111111111111111111111110111111
1111111111111111111111111111110010110001011001111111111111101
111111111111111111111111111111111111011111111111111101111111
1111111111111111111111111111111001110001011101111111111100000
111111111111111111011111111111111111110111111111111111111111
1111111111111111111111111111110001110001011111111111111110001
111111111111111111001111111111111111111111111111111111111111
1111111111111111111111111111110100110001011001111111111101100
111111111111011111111111111111111111111111111110011111111111
1111111111111111011111111111100110110001011111111111111100110
111111111111111111001111111111111111111111111111111111111111
1111111111111111111111111111100101111000111011111111111100000
111111111111111111111111111111111111111111111111111111111111
1111111111111111111111111111111111111011111001111100001001101
111111110111111111111111111111111111111111111111111111111111
1111111111111111111111111111110111110011111111111100000111111
111111111111101111111111111111111111111111111111111111111111
1111111111111001111111111111111111110100111111111111111100111
111111111111111111110111111111111111111111011111111101111111
1111111111111111111111111111111111110001111111111111111110011
111111111111010011111111111111111111111111111111011111111111
1111111111111111111111011111111111110001111101111111111110101
111111111110001111111111111111111111111111111111111111111111
1111101010101111111111111111101010110001011111111111111101111
111111111111111111111111111111111111111111111111111111111011
1111111111111111111111111111111111110001111001111111111100010
111111111110001011111111111111111111111111111111111111111111
1111111111111111110111111111100101110001011001111111111110000
111111111111111111111111111111111111111111111111111111111111
1111111111101111111111111111110100110001011111111111111101000
111111111111111111001111111111111111111111111111011111111111
1111111111111111111111111111111111110110111001111100000001100
111111111111011111111111111111111111111111111111111111111111
1110011111111111111111111111111111110101011111111100000001100
111111111111111111111111111111111111111111111111111111111111
1111111101111111111111111111111011111010111011111100000001010
111111111110111111111111111111111111111111111111111111111111
1111111111111111111111111111111101111010111111111100000011111
111111111111011111111111111111111111111111111111111111111111
1111111111111111111111111111101111110011111001111100000001001
111111111111110011111111111111111111111111111111111111111111
1111111111111111111111111111101111110110111111111100000011111
111111111111011011111111111111111111111111111111111111111111
1111111111101111111111111111101111110110111101111100000101000
111111111111101111111111111111111111111111111111111111111111
1111111110011111111111111111111111110011111111111100000001001
111111111111101011111111111111111111111111111111111111111111
1111111111111111111111111111110000110110111111111100000011111
110000011111000011111111111111111111111111111111111111111111
1111111111111111111111111111111010110110111011111100000000110
111100011111101011111111111111111111111111111111111111111111
1111111111111111111111111111100001110110111001111100000000100
111110011110000111111111111111111111111111111111111111111111
1111111111111111111111111111111011110001011101111111111110010
111111111111111111011111111111111111111111111111111111111111
1111011111111111111111111111101100110001011101111111111110101
111111111111111111011111111111111111111111111111111111111111
1101111111111111111111111111101101110001011001111111111100000
111111111111111111111111111111111111111111111111111111111111
1111111111111111111111111111101000110001011011111111111111000
111111111111111111101111111111111111111101111111111111111111
1111111111111111111111110111110000111000111011111111111100010
111111111111111111111111111111111111111111111111111111110111
1111111111111111111111111111111100110001011001111111111110100
111111111111111111111111111111101111111111111111111111111111
1111111111111111111111111111111001110001011011111111111111001
111111111111111111111111111111111111111111111111111111111111
1111111111111111111111111111110001110001011111111111111111100
111111111111111111001111111111110111111111111111111111111111
1111111111011111111111111111110001110001011001111111111101010
111111111111111111111111111111111111111111111111111110111111
1111111111111111111111111111111011110001011011111111111100101
111111111111111111101111111111111111111111111111111111111111
1111111111111111111111111111111111110010110111101100000011111
111111101001111101111111111111111111111111111111111111111111
1111111111111111111111111111111111111000011001111100000100011
111110111111111111111111111111111111111111111111111111111111
1111111111111111111111111111111111110100110111111111111111001
111111111111111111110111111111111111111111111111111111111111
1111011111111111111111111111111110110100011111111111111110011
111111111110110011111111111111111111111111111111111111111111
1001111111111111111111111111111111110100011111111111111101101
111111111110110111111111111111111111111111111111111111111111
1111110111111111111111111111111100110001011011111111111101011
111111111111111111101111111111111111111111111111111111111111
1111111111111111111111110111111000110110111111111100000100010
111111111111100011111111111111111111111111111111111111111111
1111111111111111111111111111100000110001011101111111111111111
111111111111111111011111111111111111111111111111111111111111
1111111111111111111111111111111110110001011001111111111110010
111111111111111111111111111011111111111111111111111111111111
1111111111111111111111111111111111110000111101111111111111110
111111111111111111111111111111111111111111111111111111111111
1111111111111111111111111111100000110001011001111111111111110
111111111111111111111111111111111111111111111111111111111111
1111111111111111111111111111111111111101111101111111111111101
111111111111111111111111111110111111111111111111111111111111
1111111111111111111111111111111101110001011011111111111110001
111111111111111111101111111111111111111111111111111111111111
1111110111111111111111111111111111110100011101111111111111100
111111111110101111111111111111111111111111111111111111111111
1111111111111111011111111111100110110001011001111111111111100
111111111111111111111111111111111111111111111111111111111111
1111111111111111111111111111111010110001011101111111111111010
111111111111111111011111111111111111111111111111111111111111
1111111111111111111111111111111010110001011111111111111111111
011111111111111111011111111111111111111111111111111111111111
1111111111111111111111111111111010110001011011111111111101000
111111111111111111101111111111111110111111111111111111111111
1111111111111111111111111111111111110100011101111111111111001
111111111111011111111111111111111111111111111111111111111111
1111111111111111111111111111100010110001011101111111111111001
111111111111111011011111111111111111111111111111111111111111
1111111111111111111111111111111111110100011001111111111111000
111111111110000111111111111111111111111111111111111111111111
1111111111111111111111111111100100110001011101111111111111000
111111111111111111111111111111111111111011111111111111111111
1111111111111110111111111111110111110001011101111111111100110
111111111111111111111111111111111111111110111111111111111111
0111111111111111111111111111101110110001011011111111111110111
111111111111111111101111111111111111111111111111111111111111
1111111111111011111111111111111111110100011101111111111100111
111111111111111111111111111111111111111111111111111111111111
1111111111111111111111101111100010110001011111111111111100010
111111111111111111101111111111111111111111111111111111111111
1111111111111111111111111111111111110100011001111111111111010
111111111110001011111111111111111111111111111111111111111111
1111111111111111111111111111101111110001011101111111111100001
111111111111111111011111111111111111111111111111111111111011
1111111111111111111111111111111111110100011001111111111110010
111111111110100011111111111111111111111111111111111111111111
1111111111111111111111111101100001110001011011111111111100001
111111111111111111101111111111111111111111111111111111111111
1111111111111111111111111111111111110110111011111100000010010
111111111110111011111111111111111111111111111111111111111111
1111111111111111111111111111111111110100100111111111111111111
111111111111111111110111101111111111111111111111111111111111
1111111111111111111111111111110000110110111111111100000011111
111111111110111111111111111111111111111111111111111111111111
1111111111111111101111111110111101110100011101111111111100011
111111111110010111111111111111111111111111111111111111111111
1111111111111111111111111111111111111000011111111100000011111
111111111111111111111111111111111111111111111111111111111111
1111111111111111111111111111111110110001111101111111111110111
111111111111111011111111111111111111111111111111111111111111
1111111111111111111111111111100110110001011101111111111110111
111111111111111011011111111111111111111111111111111111111111
1111111111111111111111111111110101110001011011111111111110110
111111111111111111101111111111111111111111111111111111111111
1111111111111111111111111111111111110000111101111111111110011
111111111111111111111111111111111111111111111111111111111111
1111111111111111111111111111110011110001011011111111111111000
111111111111111111101111111111111111111111111111101111111111
1111111111111111111111111111111111110001111101111111111110010
111111111111111111111111111111111111111111111111111111111111
1111111111111111111111111111101101110001011101111111111110001
111111111110111111011111111111111111111111111111111111111111
1111111111111111111111111111110000110001011001111111111111010
111111111111111111111111111111111111111111111111111111111111
1111111111111111111111111111100000110001011101111111111101111
111111111111111111101111111111111111111111111111111111111111
1111111111111111111111111111101111110001011011111111111111011
111111111111111111101111111111111111111111111111111111111111
1111111111111111111111111111110111111000111101111111111101101
111111111111111111111111111111111111111111111111111111111111
1111111011111111111111111111101010110001011101111111111101101
111111111111111011111111111111111111111111111111111111111111
1111111111111111111111111111101100110001011111111111111101100
111111111111111111101111111111111111111111111111111111111111
1111111111111111111111111111101100110001011011111111111100001
111111111111111111101111111111111111111111111111111111111111
1111111111111111111111011111100111110001011001111111111101011
111111111111111111111111111111111111111111111111111111111111
1111111111111111011111111111101011110001011111111111111100110
111111111111111111001111111111111111111111111111111111111111
1111111111111111111111111111101001110001011111111111111111111
111111111111111111001111111111111111111111111111111111111111
1111111111111111111111111111110111110001011101111111111101000
111111111111111111111111111111111111111111111111111111111111
1111111111111111111111111111111101110001011101111111111100111
111111111111110111111111111111111111111111111111111111111111
1111111111111101111111111111100111110001011111111111111100011
111111111111111111101111111111111111111111111111111111111111
1111111111111111111111111111110111110001011101111111111100100
111111111111111111011111111111111111111111111111111111111111
1111111111111111111111111111101000110001011101111111111100101
111111111111111111011111111111111111111111111111111111111111
1111111111111111111111111111111111111001111111111111011111101
110000011111111111111111111111011111111111111111111111111111
1111111111111111111111111111111111110100111111111111111111111
111111111111111111111111111111111111111111111111111111111111
1111111111111111111111111111111111110100101111111111111110111
111111111111111111110111111111111111111111111111111111111111
1111111111111111111111111111111111111010011111111100000011111
100000011110111111111111111111111111111111111111111111111111
1111111111111111111111111111111111111101011111111111111111111
111111111111111111111111111111111111111111111111111111111111
1111111111111111111111111111111111111000111101111111111100000
111111111111111111111111111111111111111111111111111111111111
1111111111111111111111111111100000110001011111111111111111111
111111111111111111101111111111111111111111111111111111111111
1111111111111111111111111111111110110001011111111111111111111
111111111111111111011111111111111111111111111111111111111111
1111111111111111111111111111111101110001011111111111111111111
111111111111111111011111111111111111111111111111111111111111
1111111111111111111111111111111110111000111011111111111110101
111111111111111111111111111111111111111111111111111111111111
1111111111111111111111111111110101110001011111111111111111111
111111111111111111011111111111111111111111111111111111111111
1111111111111111111111111111111111111000111011111111111110001
111111111111111111111111111111111111111111111111111111111111
1111111111111111111111111111111111110001011011111111111101110
111111111111111111111111111111111111111111111111111111111111
1111111111111111111111111111101110110001011111111111111111111
111111111111111111011111111111111111111111111111111111111111
1111111111111111111111111111111011111000111011111111111101101
111111111111111111111111111111111111111111111111111111111111
1111111111111111111111111111101001110001011011111111111101001
111111111111111111111111111111111111111111111111111111111111
1111111111111111111111111111111111110100011011111111111100111
111111111111111111111111111111111111111111111111111111111111
1111111111111111111110111111100011110001011011111111111111111
111111111111111111111111111111111111111111111111111111111111
1111111111111111111111111111111111110100011111111111111111111
111111111111111111111111111111111111111111111111111111111111
1111111111111111111111111111111111111010011111111100000111111
111011111111111111111111111111111111111111111111111111111111
1111111111111111111111111111111111110101011111111111111111111
111011111111111111111111111111111111111111111111111111111111
1111111111111111111111111111111111111010111111111111111111111
111111111111111111111111111111111111111111111111111111111111
1111111111111111111111111111111111110101010111111111111111111
111110111111111111111111111111111111111111111111111111111111
1111111111111111111111111111110111111010111111111100000111111
111111111111101111111111111111111111111111111111111111111111
1111111111111111111111111111101111111010111111111100000011111
111111111111000011111111111111111111111111111111111111111111
1111111111111111111111111111101110110110111111111100000011111
111111111110111011111111111111111111111111111111111111111111
1111111111111111111111111111111111110000111111111111111111111
111111111111111111111111111111111111111111111111111111111111
1111111111111111111111111111111111111001111111111111111111111
110000011111111111111111111111111111111111111111111111111111
1111111111111111111111111111111111110101000111111110000011111
100000011111111111111111111111111111111111111111111111111111
1111111111111111111111111111111111110110011111111100000011111
100000011111111111111111111111111111111111111111111111111111
1111111111111111111111111111100100111010111111111100000111111
111111110110010011111111111111111111111111111111111111111111
1111111111111111111111111111111111110010011111111111111101000
111111111111111111111011111111111111111111111111111111111111
1111111111111111111111111111111111110100111111111111111110111
111111111111111111110111101111111111111110111111111111111111
1111011101110111111111111111111111110101011111111100000101000
111110111111111111110111111111111111111111111111111111111111
1111111111111111111111111111111111111001111111111100000011111
111111011111111111111111111111111111111111111111111111111111
1111111111111111111111111111110110110110111111111100000011111
110000011111011011111111111111111111111111111111111111111111
1111111111111111111111111111111110110011011111111100000011111
100000011110111111111111111111111111111111111111111111111111
1111111111111111111111111111101111110110011111111100000011111
100000011111011111111111111111111111111111111111111111111111
1111111111111111111111111111111111110110111111111100000011111
111111111111111011111111111111111111111111111111111111111111
1111111111111111111111111111101100110011111111111100000011111
111111111110101111111111111111111111111111111111111111111111
1111111111111111111111111111110011110110011111111100000011111
111111011111001111111111111111111111111111111111111111111111
1111111111111111111111111111111111111100111111111100000011111
111111111111111111111111111111111111111111111111111111111111
1111111111111111111111111111111111111100111111111100000111111
111111111111111111111111111111111111111111111111111111111111
1111111111111111111111111111111111110101011111011111111111111
111111110111111111111111111111111111111111111111111111111111
