0111111001110001010111101110100010000101011001011110000111010
101111010001100000000000000010010101100101111111000000000101
0101010011101011101110110100001011100101010111001111011110001
100000010110011111100010011010111011011000101111011010001011
0000000110000100110111011101001101011000011011111000100110011
101011111011011111010111011111110000110110101100010011011001
0110101100110000011111010110010101001001010100110101000110111
110101110100101011101011011000010001100100111100101001001010
0010101011100000100011110011001100101010111100101100000010010
111011110010101101010000111111011001011100010000111010010000
0011010011111011111111010100001011000011000010011000000010111
100000010100010111101001011110010010010001111100011100001111
0100011000001001010000100100111000110110100000111000000001110
011111000011100001000100000100110111011001011011000001111010
0011010010111111110000100100011110010100001010000000101011001
101010100001011111110111001001010101110101001011100000110001
0111000110100011011100100011001111111000110010101010011110001
101001000000101001011001011001110000101011110011100011011100
1000100001001110101011110110101001010001011000011011111100110
011011101011110101110011100011010011111000011110101011100111
1110001110110100011010110110100000000001010100101011001000000
110011100000000001010001000011111111111111010001010100010111
1110001001111111111010110010111000000001000010100110100110101
100010100001011101111011101011111000000000110001011110111101
1011011001101000000100101110111011101101111100111101101010000
101101010100111110101010010001010101011011101001110110101001
1100011110100010001111010101001000110001011001111110001100010
101110010010010101110101011010001100101000011100010100000100
1001100110100100111010100000000111111000101111011001000100001
100110111010011001100010000100111111000001100010010000100000
0110000000000001001101000010110111111010101000011000000011011
001101000101101011011011110100101010011011010110100001001111
1100010010000111011111100101011111010100111110110000000010111
101100000010110101000010110111011110001101111101001110000011
0000110001101001000110110010010001111001100110101100101000110
111000000010000001010100101010101011111010110011001000010010
1000000100011100100001010110010010101010111000011000000010110
100101100001001001101100010001101110110110011010110111101010
1110011100110000110000101000100001010111100111111000000010110
100000010101101110100010010101001110110011100110111110011010
0010110001001001001100110010110101010011101011111000000011010
001010010111010101000101001000000010100011000111001010111100
0100010011011011000101011100000000010110100110110100000011111
000000101000000011110110111000010000111010011101001111101001
1001111111001110011011001001100011110100001011000000111111100
110111110101110011011111101001110011010110000111000110011110
0110011000100100110110111001001110000001110001100111011101111
011010111000001101101101110101011110010111100111000010110000
0011100001110111101000011010001001000100111011001010110010000
101011111001010100001110111110011100011001010110100010110100
1011000111010110111101001010000111001000101001100011100100111
110010010110001110111001111111010001000111110000110000010010
0110100001011101100101010000011101111000110001110101010100010
111000111000010110010011011011111110010010100110100101110010
1001010111100011100011101010011010010101010001000110001110101
111111000111011001001001001010111000101001011110011100111111
0110011011101110110010000111111000110101000110000111011110101
111100111000001101100101001100110000001000001001000111010001
1011101001100101110011000000111000010011111011000100000001111
110110111111001111000000010100111101110000101111110100010110
1011101111010011101111000100101101110100001011010111110111100
101111010111001101010001010010111111000010100001100100000000
0011011001101011010000101110001000100001011001100101101110100
100000110111110111100001100010100000011110010011011010111111
1111001100111111111000000001110011110010100010100011101010011
000000000100111101011111100010111101001000110001101001110101
0111000100111000110100010010101100010101110001011001011010011
110101100100001101010100111110001010010000101110111100110111
1000011010101001101101101110011111110110111101010100000000001
010000000111111101110010101110110110100111110011010000101100
1101001100000110000111101010111101000100011010000100100110011
100110010001110011010001101010010101011001011001010110000001
1001011110001111110010001001110110000001000101111001100001111
000000100011100001010010100011011001101001010010100111110011
1101010100010010110111111110010000100001011110110010100010000
100001010101101010000011110011101011010100000000100010110110
0111001111001101011000000000001010000001001010110110110001000
011110111001101011101110110100111001111111100111011110001110
0100110010110100101000100010100100010001010111101010001100100
101000111110000000000100000100110011011111110000110010011000
1001111110100100110011111111111000100001000111010110100111101
101010110100010100000110010110011101111111000001001000000010
1010011011110010000111101100001000100001101110111000010010111
100100100010000110011010101111110101010010001001100011001101
1100101000100000101010111000010001000001010000000011010110001
111100010011111100110010111110100100101001111110101011110100
0110000111101010000111001111010100000100000111110001010001100
111001010101101100010100110110110000000011101011010100000111
0010101101111001101101011111101010000100000001000100111100110
111010010001110111011011010110111011001110100111010110100111
1011010001110010100001100110011010110100010100111101000110001
110000100010000000101110100110000110010010111010111000111101
1101111101100110011011011101101110100010100010110010100010110
111010011000110001001101000101011101001101011110001101101111
0011011000000100001001011101001011110011000111101100000010111
111110111010101101110001001001000101010100001010111000110010
0001111011100010100010100010111111101011011010101000000010110
001110100000010101010011001100110101010011101011000011000011
0111011011011111000101101010100000000110011000100100000001101
110000000001101111001110111101101010011011010110110100101111
1101000101111000100100000101111100001000111011110100000000011
100110010101101111101011010100010111001101101101100010010010
0111100101101001010001010010000111011000100110000100000000111
110110110001110100010110011000111111111110001000100000110100
1101110101010010101001110001010010011000111111111110110110100
110111001000011011000011111001101100101010010110000101100101
1100001011000010100111111011101010100101110101101111111101010
101101110111000010101100100011011000001100001100101111101110
1010101001001100011001001110000001000001111101000100000110101
101111001100001000010001110110110100010011110011000111101010
1010101101010001000011011001000010011001101000100100111110100
100000001001001101100100101111110101000001011001100111010100
1010110101110011001010010100100101010110000111100100000010100
100000000010010100000001101000000010101100001000001010010010
0111110100001010101111101100001110100001001000010100111010011
110100000100000101111010000000101110010000110010001100111100
1110010010101011000101101101110011100001101100000001100100101
110011110001001000110010010001011101110000110100101010001011
1001111000111001010010011110001011101000110100111101001111100
101000000101000110100000101011000110010110010011101000111100
1111101001111110110101100011011111110001011111011010111001100
101011100111010011000110011000100010111101000010111111000110
1001111101000001110001100000010011010001101100011010101000100
110010011111101110011100000010011100100101101100011100010001
1101010001111011010101001000101111011011111001111000000010110
000001010010010110001010111010110101100011110100111000000000
1100011010010101001000011111011110000111000100011000000001101
110011110000100101010111101111110110001000011010111000111010
1100100111110101100011111011100000001010001101111100000011100
101011100000000000100110100100101011101111010100111100001100
0001011110111001001111101111011100111001011110011010101001111
110010000111101001000000010010110101110010001101111110110000
1110100110010101100011010101101010100110111101111100000010101
011101111101010111110101001011001000011100001011010000010111
0000101011111111100100001011010110000110100110010000000010100
111000010111011011111111111001100000100111010010010011000010
1110011000001110110100111000011011010001011011100110110011011
101111111100010000100000111010011100011110001100110101111001
1100101100110100111001111100010101110001101110110001001010110
111010101011001101101111101011010100000010100111111111100110
1000111101110001011011101000011001000100010011100101101010000
110111110111111011011100100101010101000110100100100110100010
1100101100011100010011101101101110101110010101000011100001011
100001100111111001010001011001010110000100110010001110110001
0100100100001000101111111011001100100001010001100011011100110
111000100111111111110100101001111010100101011101010110000011
0110110011000010011001010011100001110001000101010100101100001
100001011111110001010111011010111110110111101111110110001101
1110011011001100011001100111111001010001100011101011111011011
100010111010111011011001111000001101001011000000000000000111
1101111101100110110001110101010110000001010011001011011001101
101110001111010100100111111011101110010010001110000000000001
1011110101010000011010111101001101100001111001001010011110000
100110000100011101011010111100001110011000111011011001011100
1001110010011111110010101010011101100100001010011111110000101
111000001100101111100110100101111001000011101011110100001011
1010101100001000100110000100011101110100010101110100001011100
100101101100011000110001001001011010010100001111100001101001
0011001100100101100011100000100001101000100100010100001011110
100001110011000010101111010010111000111011111000011101111000
0101111000101010011101011100000010100011010000001100000010011
100000010010001000010101100010111000100010010100011100000011
1000000010110000000111001011010001110100101010110111111000000
100100010010001011000000001111011100111000111111101100100010
0101110101101100100011100100000011101010001110001011001110011
100100000101100101010110111010100111001110101011000101001010
0100100110101110001010000010001110011000100010110101011101110
100110110111100101011001101000110011100001110001111010011001
0101101101110100111001010111000001011000111011000111001111111
110111000101000000001110110001111111110011000110100010000010
0110100101101011000100101110110010110111110110000100000011010
111110010111000011000111011011101110011100100001010111101100
0011010011011101101010010110011001101100110100001011001000101
111010000110101111010001010101011000010010010001110000001000
0101111101001001011001001110100101011010101110011100000010010
111111000100010101000101011000011010001011001001110010000011
1000000011101100110010101011011101010001011000011010001101110
110010000101010011111111001010001000111100000011111011111001
0110100001010110001110010001110010110001010110001111011000100
000111110000001100000000111110111111011010011001111111100110
0010000011110011001010010101101101110001010010001101110001000
010001101110100100101101000101100000101000010001000111000110
1010001111100111101110001111111001100100010001011110100010110
101101001100100110100011001111010000011010101101011111000000
1101110010000101100011100100011010011011101011111100000101011
111110100110100010110000010011011011111010010011010101011111
0000011010001000101001010110011000011010000000001100000010011
100000010101100011100101100111011000110011110001011100110100
1100001011101000100010101000100101110111011001110111001000111
000010001110111110100010010010011000000101101000001101000110
0010111010000000011000110010010000100101001000011111100010001
100101001010000001010001011001000010011111001110101000111010
1011001000000001100001010100010100110101010111011111011010010
111001110010011010011000010000110111100011111010101101010000
0100100110111111101010010001011100000100110110110100100111010
001011011000011100010011101011101111111000100111110001101010
1111111101011111100000101001111110110001000010100000011111111
010110010100011101101011111011110100001100100010011010111000
0000100110101100110000000010111001100001010010110010010100110
000100010001010100100110110011101010011101000000010010011000
0001100111000101011100100000110011010001011101101010100011010
100011000000100001011011010100100010100110011100111001100010
1101011001100111011100100111010110010100001000101100111110001
101100001010111001100010111000100100111011011010110000111101
1000001101110010101101001101011010010000111010010010100101000
101101110001101111111110101001111111010100000100101010001110
1010100011100010110100110100111011100100010011101100110111101
110001100100010000100110110000000101101010000100000100100100
0000110000111011101101100000110010100100000001100111101111110
101101001001010110010100111100111101011111001101000101011010
0111010111001000110111111001111001000001010100110011100111001
100100010100011101000011011011000010001001111100101111011111
0011010100100111101111011000010100010001011111011010001010100
101110101000111100001110011010100011111010100000101111011101
1100000111000111100101011100011000100001001000011101010101111
110110011001010101110111001100010010000100100111110011101110
1101000011000110101011100111010010000001010011001011011001001
101001111000100100101101010100000010010011101001111001100000
1111001111001101010001011011100101110001001111110000101000101
110011010011011111000000011101110111111111100101011100000101
1011111111111110001100010000010011110100000101010011111100000
111000100000111101010101000110011100100110011011010011101010
1101010001111001101010111000001001000111111000111000000011001
111010110001000111001010100100101111011010001110010010011111
1100001110001111010000000100110011110101001001011000000011111
100111011001100100010011011101101010111100110111011110001010
0111110001101010110101110101111000011100000101100000000011111
111110001001101111111100001110011000001000001011000001000111
1000111111100100100010000000010111110100000100111000100000010
111011001111111000011001000100110000101001100010110110000011
1110100110000011110100100001000010110001001011111111001000100
101011011100100000110110110000100101010110000000101100010001
1000010001110000001111001011111111010010101100110111001111011
111000100101000001011101110100001010001101010000100101100101
0110001100111101111001100111100101010001001000001101011000101
111100100000100011110001111011001000110010001001001100100111
0101011010111100010011111110000011000010111011001111101011110
100010001001110101100110101111101111010100001000110000011000
0101111101100100100010001100010101010001010001100101011011111
000001000001010001111111011111100100000111110001111000110001
0100100100110101110011011111100100110001010011010000100101010
110010100110000000100011001000000110110100100111101101010111
1100010101000100000001110101100011100001011011001001110011001
101001010111101001101000001110101111111101011000101000010011
0100010111100001101011000111000100010001001000011000001111000
011010101000111001001000000011111111010101000110100000101000
1100100100111100001000001001101100001001110100101111000000100
100001000000010001010110111010111101001101011101001010000100
0001001011010101000110110001001011000011011101011100000011110
101000010010000111000111100010101000100011011111111100001000
0011010001010100000101010000101000011011110010001000000111011
000000010001010010110100011110011011111000111111011111101010
1101101111000110110100100110111111110000110101010010101101110
100110100011100111000101110111001000001100010011001110011110
0001001010111010110111111010110111000101101010010011011111110
100010000111101111100011101100000111111011100110110011000110
1101100000100110101000011110111010011000111101111100111111111
101001111100101010010111101111001011100100011110110111011010
1100001011010011000101101101110101000001101011010001011011010
100011011011111111100010110101100111001101010011000100011001
1110011011001001111001111000110111010100011000110000110010100
101100000111110111110001011101101111101011001011111100101110
1001111001110111010011100101110111100001011010101010011101111
111010001011011011101100110010011010010110101100111101110000
1011000100101001000000111100010001000001101101000001011101001
111010100101110010111101000011101101110101111110001010001110
1001100101111000010001001110000011110001000100101000110110010
000001001010001010011000101101011011000001111011000111000001
1110010011101000110000011001101101010001000010001101101011110
100101000101110110101010001101110011000101000010100000011110
0110001010011000101111110110010111010100011101010011010111001
111011110111001100111100111100010101001011011011101011111000
0101011001111000111000110011111110110000100111100100110110010
110110000010000111111100111010101011100001000011000001110010
1011110000101100011001000101001011100100010001100000000001100
111101011001010110101111010101111000100110010011100001010000
0100111011010011101011011111100111000001000101010011001100111
110011110010011110011000011101111010111001111001101011111011
0100101010001111101101011000001011100001000001001110101000011
110001111110001101110101110110110010111110000010110011001111
1100111101011110001000011001011001110111111000000000110011101
100110111101101010110101101011111110101111100110101011010010
1011111010001100100011101000111111100001001011000010100100111
110101010111110001101010001111100011110110100010011010010001
1100011101100010001111010101111111100110010010100100000001000
100010010001111110010010000010011101100110101011000111111011
1001100111101011010101101101010010010011111001110000000111000
001011110001001001111101101010111010111111101000100100011011
1100100111111001111110001010000101100100110100001101110111010
101111000111010110100011110010100110100001011111100010011110
0000101010100000001010000010011100100100101111100010011100011
110001010100101101110011110101010001011001110001011011111111
1111111110001111010110011001010000110001011011001100100111111
110111010100111100101010111110010111100010000110111010001111
0011101001011010011001010000100111011000100101101110010101101
100011010110110101011001001100100111101110000000101001011011
0010110111001001110111110001111100100001011101111001100111011
100011010101001100011010010011101101010110010110101011101101
0000000111000110101001011101111100001011100100111100000000110
110111100111101001111010000000101111010000000100010000011111
1110101100110001100011100110101010000001010101010100001110110
110110010110101011011110001011110110010101001000010100110101
0100100011001111110001011001011110010001010111000000001000000
110001100101001001000111100011100110011110100011101101001001
0011110011111111110000010110000111010001011111111111111011101
001010101110110100001000001100011000001100101000111110101101
0110011000100011001110111111111111000110110010110000000011001
111100100011111101010011100101100100010110111100001111101011
0111010001001000100110000011110010101001111001101111010011000
100000001000011001000010101110001000010111010000001101100100
0001000001110100111001101101111111000110100111001100000011000
101000000101111101000111100011101000010001011110101000100000
0001011111011100100111001000110000001001001110101100100011111
101000101100001010100110010100100011011110110111010110101011
0110110010110011110110001101011111000110101000101000000101111
111111000111111100001000101011111100101001011111000000111110
1011111101110101010001100100100101110000110000010101101011001
111101111111111010001010100110101010010010100001011010000001
1110111001010011001101101100100010000100100000110000000000101
111101101101100001010001100000110001000111000101101011111001
0010010010001100001110010101111111000001000100001111010001001
011000001001010100011001000111110010101111101010110000011001
0110111100011111000001100110100100101101010101010000001111010
110101010110000011010100100001100101111000010111111000010011
1100010011100101110001111110110100110001000100001001111101010
100001011111010101101110100100101110010111111111111101101011
0001001100010001110101111011010101100001101011101001110001110
100000101010011110011101001010111000011110101100111101100000
0000111110001001101101110100001111000001010000101001100001001
100101000111000010110101101011101000010010011000001011110110
0100011111110111111110111110001011000100000100011101111100011
110011011111000110001011111100101110001111100111011110111110
0010001010110011111010011000010010010001001001010101001011101
100001011001010111110000010111001011000101001111001001101100
1100100111011101011011100111011001000001000000001111110100000
111101101001110101011011110100110101010100001010001000110010
1100011000100011000111110010010001010001001110101101100110001
100111011111000010001011100101011010000110110001110100111111
0101111101101101000110010001110100100001011000100111100101100
111100010100000110110111111101100001010011101100011011001110
0110111000001111010011001100000110010001010110101101101000110
100010010001110010001111100011101110110110111010001001001111
0001101011000000111110011101000101111000111011111000010000000
101001111011100100110101111101110001111101000000101010100111
0110011101010000100110111000110110101011100000111000001001101
111101000011100110100000101100010101011001001001011011100101
1101100010110101110101010000000011000011110001001100000100100
100110100011101100100111011011001111001101111110110100010111
1110011001111001101000000100111000110100111001111000111000111
010110000010010010100111110101101111010100010000001001110000
0011101111101000110111001101000000110001111010100001000110011
101100000001010000011110011010000011010000010001001011000000
1100101000101100011110000110101100110001100100010000110110101
100000111010001100000011000001100010011111001000101011100001
1100001000000001100101110111101010000001010100100011100001111
110100100010001000100000000010100101011101101110110110000000
0001000110001100001001111110101100010001100000010000111100010
110000010010001010110010010100101000010000001111001100011010
0111100001011001010000111001100101110001011001100001001110000
110100100101001111110111011000110100101000110111111000100110
0110010011001001000010011100010100000001001110101101101101000
101000110100011100001101110001001010101010110101011100011110
1101100100110100000010010011001000100110111000011100000001100
101110100110011101100000010110001011110111101001001010011110
0100010110000100010100010011111010000101000110111100000001100
100100111010000111010100001111010110001000110110100111011110
1100111101101011111101100001010011111010111010001100000001010
110111111110101110001011001101000001001000100010000000000011
1011101101011000101100100101001101011010110100111100000000101
110001111000010110110101100101100011110110011111000100001111
0111001101100001100110111101100110010011100001000100000001001
101110010111110011010000110001001100101011100101000101101000
0111001010011101111000000010101110100110100000000000000011000
010110110101011000100000100001010011101011100110001000010100
0010011010101011101011111110001000000110110101111000000101000
100111111011101101110010010010011001000010110111100110100111
0101001010000110001011011110001101110011110110000000000001001
101011010011101000111110000101110111011111000111100101011010
0000000110100111000111111011110000110110111101101100000000001
100000010001000011010000101000110000001100000001010101001111
0110011001111001001100110000011010010110110001111100000000110
101100010001101000000011111010111010010011101000110001100101
0001001011000000010111010010000001100110100001010100000000100
100010010100000111011010101001101110110100010000101110100100
1101011011011000000001101010011011100001011101101111000010010
111011110110011000010110000101110111001101111101110011111101
0011000001110100011111111111101100100001010101110001001010101
111100001011001110010110100110110001001001010010110001110111
0000010001001111100101100010101101010001011001010001000100000
100010101000101111110110110000010001111010101101100100001000
0011000101000011110001011001101000000001001010010111000011000
111111100001111100101001111000100001011101110110010011101010
0110010101100000100010110001010000101000100010111010110100010
100101111000100101011111001011110100101111011101001110010001
1110100000001110111011100010111100010001000000001010101010100
111101010011000100111000010000100101011011110110011101101001
0000100100010010100000110010011001000001000010111010010011001
100011011101001000100001101011011010101010111010001111011001
0001011011001100111001110000110001010001011110101010001011100
101110010101000111000011011011100101001110111001011111110100
0110111111011110110000010100110001100001000000010010001001010
111111011010011110010101000110011111101111111011111100001001
0010100001110001011010110111111011110001011011011111001100101
100100010100010001101000010010100110001001011110110110110000
0001001000000100001101110000110001100010110011100000000001000
110111101001010001010000011101000110000110110000111110100101
0110111000010000001001110101110001011000010000010100000100011
100110100100001110001001001101001000000000100001100001011110
0101101111100110100001100110000011000100100001000111001011001
110010010110110001100111001011110110011111001101011101100111
0010011100001110100000011101000010110100010111111111001000011
000000011000110000011110101101111000111001000001010110010000
1000100000000111000111010111000101110100010110101111011101101
101010100110110110110100000001000011011100010011000000110011
0111110100110110001000111110111100000001001011000000001001011
100000100100110110100011111001011011111010100001101110010000
0111110110001110111110000010011000110110110010101000000100010
111010110101100011010110100011110011000101001101010001001101
0100011110101110010000001111100000100001001000000010001011111
101101010111110101010010000111111110010001010011000011101110
0000110100100110110110110000011110010001000001001000010110010
111011110110101011111101010011010001111001011001100111010100
0110101101110000000011010001000001000000110001000001011011110
111010101100001111100100100010101011111100011100010111100101
1001000011010011001101100111000000110001011001101001010011110
110100000000000001111011101110001000000001111111111110010011
1101001010011001110110011101001010110100110101101001000111101
100001000010000110001100111010100011111101101000100111101011
1110110100001001111100111000011101110001001011101001100110001
111110011100010100100101111001001110001011101110100001011110
1111110111101111100100110011100000100100001100101001010011100
110001101000101111110010110111111111010101101011100100010101
1111000111111011000000011011100110110001000001101100110011100
110010010111111000111000100110110001111100010010011001101101
1111010111100111100100110100011010100001001100010110110011010
101110001000001110011111000110110110000101011111010101101010
1010100000111101111000111010011010100001001111101001111010101
010100010101001010011100110110011111010111100111011110101000
0101100100001000010001001010111010010001001011101110100001000
110001001001100000101001100010010100000011100110010011000100
1010100000100101101010001110010111110100000000001110110011001
101111001101011100011100101000111011101111100111001110111010
1110100110000011110000111010100010010001010100010111110111001
100111111000010001011101001100001000011011011000101010001110
1000100010000110011011101110110011110100001000110100001011000
111110111100000100011011100001110011010010010011110000000101
0001101011000110000001000101000100110001010101000011000111000
110001110100000010010110100001010000101001011011010001001100
0101000011100100001001000001010111100001000101111011010100110
111111001010100101011100100111010001101000111010001000110001
0101001011000000001101110110001110000001001011101000011010111
110100100111000111100111101010000110110001010001011100100111
0010111001101011011100000110101100100100001101100000000100111
101110000111110010110001011110001101000110010011010111111110
1010100100011111101111000100000010010001010111101001100100010
101101111001001111100000111100000010111010111001011000110001
1000011100110111111011101010110101000100010001000011101111010
101101101110001011011001111001010001110000011000000100011000
1010010001000100111111111010001111100001000100111000010000001
101100001110001011010000010011100111000000111000011100011010
1000011111010101011011110111100100110100001001010101100100010
101100110010100001110001101010110001011011011000000101101110
1111011001110110011011101100100001110001010011111011010000001
101110100101001100101100100111001100001101111000110001110111
1100001001111000000100000010001011000110101011010000000010010
101010001110111000100110000110010111010010010110001111100000
1110100010100101111100111110100000110100100110111011001011111
000000001000000101100101001100110000100001100000001111100001
1010101001100011101000011001010000000110111110111100000011001
111101001000111111010000010000010010110111001001110001111001
0011001001110101101000111110001100000100001101101110101000011
110001101000010100111000101111011000100101100111100000100010
0000101001110101000111001001111100011000001010011100000011101
110110010001000110001010101111111010011100011110101011111111
1001101110011011010001110011111010100001110101100101000010111
100101000110010000001100100001100000100010101001100010001111
0100000110010001101000101011100110110001010101011010111110111
101000110111110010010010000011011000100001101110001110110110
0101101100011010110010011100010101010001000011011010101110110
100100100000001110101101101100110101011111111011111011111000
0110110100110110001001000111011000010000111100010101101110011
101000010111010001001000100110100111011110011100111000001100
0100111111111101001111100011110011010001001011001001010111000
000100100010000010101101001011111110000100001010000010011010
1000110110000011111111110011000110010001101000100010110010010
110110110001011110000110111010100001101111011110100010010010
1100111001101111011010110001001101000001000100110001110110001
101010011000111001010101111101111111100110111011110001110100
0001110110101000111011001011010000000001010000000000100111010
111101111011111110111001100110111110100010100010011011010101
0001000010100100100101000101100000110001010100100100110101111
100001100000000001001101111011101010001111001101101011000011
1010101001111001010001100000001111100001011010010001111011011
110001000001101001101011100100011001101010010001000110000111
0110001101101111010100011011110110111000100100010111100001101
111101111101100000001011100000011001001011010100000001011000
1111001011100100100100110110001010100001011101001101110101101
100100111010101001010111111000101000101001100010001110110111
0101100001000010101011110001101100000001010110100010010001100
110100010111111011001100001001100010110010110000111111010100
1011101010001111110011000111001100010001000000100101001000001
111100101010011011100010110011101100110110110010011000000010
0100010100101000110111010001000111000001010001111111101101011
101111101111100011110010101000100111100111011100011000101111
1111100110010100001000000100101011110001001111011011010100110
110101000001001110000100101111011000011010101011110110101100
0101000001001100011101001011101001000001011111010000000111100
110111111011100011001001100111101101011101000100011001110111
1001101100111000110000001110100110000001010100010000011101000
110011100011110111111111110111000000101100110101110001010001
1110110110001000010000100011111000000001001101001101001000111
101010111110110001110110101000110101001000111010011011110111
0011110010001100001110010101100111110001000111100101011000011
100100000001111010100111000111100111100100100101111000110001
1001011000000100111111001110010111110001001101101000101000100
100011110110001011010111001001101001100010110000101011101011
1100100001000001101001011001001000110001000101011100111000101
110000110000101100011000101011100000101100000100110101010110
0010011010010100010111111011111110111001111110110100010111101
110000000110101011001111000010000011001110110100000101001010
1000110010110100011111100000000100000100100100110010101110011
010101010010011010011110100010001100011111000100010010110011
1010010110111010010100011101001110000100101000010111011110111
100000111011111011000101000101110000110011101110100111000000
0100111111111000101011101000011101111010001110000100000000100
000000001000011111010011001101111100010000101110101001000101
1001010100101110110011010110100101111101000001110110000001111
000001110011110111111111010101001010000001000010100110101101
0111011111111110110111101110110110101000111101100110010100000
100000111100010010011100101000010111111101100100000010100101
1101001101010001011100111101100000110001010010110101001010000
110100111101100001100101000100101100001111010010110100110110
0100000100110011100110110110111110110001011101100111001110000
010110011000100110000110011111001110100011000111011011011010
0011100011101011011010001000111101110001001111010010110100001
011110000111000110011001100111011011010000000101010101101110
0100010000010111111011111010110110001000111010000100000110101
100111100011100111111101110000000010010011110111011010000010
1101100011111000111111001100010101110001010110101010100101101
010001010010101111001011011100101010011010110100101101000001
0001110011011101101100011110011011011000100011001110010010001
111010011100111110101010000100000010110110100011011111101110
1101101111011111100101111010000001000001010011101111101101110
111010010110011001111110000011111001100110100011001110001001
1010011101011001111011110001001110010001010101110100000010111
111010000000001111001011011101011111101000001110111000011010
0110110101101011011110101010101001011000101011000100000001101
111000011101000001011101110011011001100110101111001101010010
1001001100000010100101011100001001000001001001011011001101001
100001101101000010111110010101100010010010110101100000010100
1111111100100100110001110000010011000100001001001000110000111
111000110100110000100111001010111101010010101001010001000000
0011101000001100110110101101000011010001010011100111110110101
011110001011000101110010011001010100110000110001100010000111
1001010011100100101010111000000010100100010010001011110010100
101110001010000010000000101101010011010010001010000010010100
0000100110101000110111111001101101111010001100100100000110101
101000111100010010001010111101101000001000111011011011100001
0101100000000000100000001101100100000101011111110101100000010
011011011011010011110010010001101011000011110101011011101111
1000010001010001011110011101111111101010101000010000001110110
000110111100001101001101011111101111111010010010010000101110
1000000000100011000000110001010001010101000001000101111000111
110110100011001001110010110101000011111100100110111101000011
0010101101110101100000101001000111111010100001011000000111000
010001000111001000011101100101011100100001110101011011101001
0101100100001000011110110011001111011010100100111100000000000
010111100101000000010100101011001110011110111000001100111111
0110110101111011001011110110001110110110111010110000000010001
000100000110111001110001000011111110101000101111100101000111
1011001100000011101000101111111101100000110110101010001110101
011011011001011110110001110111010101001100101000100011010110
1100010100101011101101110100100010001001100100000111011011000
010000000000000100100010100100001100000110011101110111000101
0110001010111111000001011101010110000101000110001010000001000
000000010110010101001001100111000011110001111111110110011001
0001001010000110000000011011011111000110001110011000000001111
100000000111111100101101110100101100101110011011101000100001
0110100011100011011000100111000100111010101110101100000110111
010101000100010000001111101001011011101000001101110110001010
1101111111111000101010001101111110100010010111111011010001000
000010111100100011110011111101011011001000001111100111010000
1001111000000001111000100011010100110100110010101111110110111
011100110010000111100101100000001000110000111111011111100000
1001001100010000111010110000111011100101000000000100000101000
001100101101011111000100000011111110010110000000100101000010
1110100001111111100010110101011101111001101101001100000001010
100111000010011100111000001111111010101101100010100100110100
0111010101000000101110000111010110010110100111000000000011010
010000000001011001110100001010001110101001010011010101001111
0000111000000010010101011001010110010011000011011100000001101
000000011110111100111001010010110100110000011011011110110001
1000111110101010011010110101101010100110011101010100000000001
000000011111011110011101001011101101011010101000011010010101
0010110000101011001101101111111111010110101100010000000000011
000011001101111001001100011000111111010100011101100011101100
1100010010001010110000010001101100000011101110011100000000110
110101000100101101100100110100101100010010011011001110100111
0101101111011010010010111001010011000110010000111000000000100
110101000111001111101111001010100000110011001010001111000010
1111010010110100001111111101100010001100101001010100000001100
101000001100100011011111010111100011001001011101101111101101
0100110000100111010010110010010001001100111101011000000110100
000011010001001000010110000000001001011110100011000001111111
1110101010011010110011000001011000110101000111011110101100010
001111010111010111110110111011000111010011001111010111100011
