0000000000000000000000000000000000000101011001010110000011010
101011010000000000000000000000000001100000000000000000000000
0000000000000000000000000000000001100101010111001100010010001
100000010110000011000000000000000000000000000000000000000000
0000000000000000000000000000000000001000000001101000100100000
000000001010000011000000000000000000000000000000000000000000
0000000000000000000000000000000000001001010100110100000010111
110101100100000001000000000000000000000000100000000000000000
0000000000000000000000000000001100001010100000100100000010010
100000000010000101000000000000000000000000000000000010000000
0000000000000000000000000000001000000011000000010000000010111
100000010100010101000000000000000000000001000000000000000000
0000000000000000000000000000011000000110100000111000000000100
011111000011100001000000000000000000000000000000000000000000
0000000000000000000000000000000000000100000010000000000011001
100000000001011101000000001000000000000001000000000000000000
0000000000100010000000000000001111001000100010100000000010001
100000000000000001000000001000000000000000100000000000000100
1000000001000000100000000010001001000001000000010000000000110
000000001010100101110000000000000000000000000000000000000000
0000000000000000000000000000100000000001000100101000000000000
100000000000000001010000000000000000000000000000000000000000
0000000000000000000000000000011000000001000010100000000010101
100000000001000001110000000001100000000000000000000000010000
0000000000000000000000000000000000000000000100000000000010000
100000000000000000000000000000000000000000000000000000001000
0000000110000000000000010001001000000001000001000000000000010
100000000010000001110000000000000000000000000000000000000000
0000000000000100000000000000000111001000100110000000000000001
100000000000000000000000000000000000000000000000000000000000
0000000000000000000000000000000111001010100000010000000000001
000000000100100001000000000000000000000000000000000000000000
0000000000000000000000000000011111000100100000110000000010111
000000000010000001000000000000000000000000100000000000000000
0000000000000000000000000000000000001001100000100000101000000
011000000010000001000000000000000000000000000000000000000000
0000000000000000000000000000010010001010100000010000000010110
100000000001001001000000000000000000000000011000000000000000
0000000000000000000000000000000001000111100110000000000010110
100000000000000000000000000000000000000000000000000000000000
0000000000000000000000000000010101000011100001100000000011000
000000000111010101000000000000000000000000000000000000000000
0000000000000000000000000000000000000110100010110100000000000
000000101000000001010000000000000000000000000000000000000000
0000000000000000000000000000000000000100000011000000000011100
100000000101110001000000000000010000000000000000000000000000
0000010000000100000000100000000000000001100001100000000001111
000000001000001101000000000000000000000000000000000000000000
0000000000000000000000000000000000000100111010000000100010000
101011001000000000000000000000000000000000000000000000010000
0000000000000110000000000000000111001000100000000000000000111
100000000000000000000000000000000000000000000000000000000000
0000000000000000000000000000011101001000100000000000000000000
100000000000000000000000000001101000000000000000000000000000
0000000000000000000000000000000000010101010001000000001010101
100100000110000001000000000000000000000000000110000000000000
0000000000000000000000000000000000110101000110000000001010101
100000001000000001000000000000000000000000000000000000000000
0000000000000000000000000000001000000011100000000000000001111
100000000001001100000000000000000000000000000000000000000100
0000000000000000000000000000000000000100000011010000000011100
100000000111001101000000000000000110000000000001100000000000
0001000000001000000000000000001000000001000001100000000010100
100000000110000011100000000000000000000000000001000000000000
0000000000000000000000000000000000000010100000100011100000000
000000000100000001000111000000000000000000000000000000000000
0000000000000000000000000000000000010101100000000000001000000
000000000000000000000000000000000000000000000000000000000000
0000000000000000000000000000011111000110100001010000000000000
000000000111111101000000000000000000000000000000000000000000
0000000000000000000000000000000000000100000010000000000010011
100000000001110000000000000000010100000000000001010000000000
1000000000000000100000000000010110000001000101000000000001111
000000000010000001010000000000000000000001010000000000000000
0000000000000000000000000000010000000001000110000000000010000
100000000000000000000000000000000000000000000000000000000000
0000000110001000000000000000001010000001000010000000000000000
000000000000000000100000000000000000000000000000000000000000
0000000000000000000000000000000100000001000110000000000000100
100000000000000000000000000000000000000000000000000000000000
0000000000000000000000000000011000000001000110000000000011101
100000000000000000000000000000000000001110000000000000000000
0000000000000010000000100100000000000001100110000000000010111
100000000000000100000000000000000000000000000000000000000000
0000000000000000000000000000010001000001000000000000000010001
100000000000000000110000000000000000000000000000000001100000
0000000000000000000000000000000000000100000110000000000001100
100000000001101100000000000000010000000000000000000000000000
0010000000000001001000000000000000000100000001000000000000110
100000000001110111000000000110100000000000000000000000000000
0000000000000000000000000110000000000100000100000000000010001
100000000000000000000000000000000000000000000000000000001000
0000000000000000000000000000000000000010100000110000100010110
001010001000000001000100000000000000000000011000000000000000
0000000000000000000000000000001011000011000010100000000010111
100110101010101101000000000000000000000000000000000000000000
0000000000000000000000000000000000001011000000100000000000000
000000000000000001000000000000000000000000000000000000000000
0000000000000000000000000000000000000110000000100000000000000
010000000000100111000000000000000000000000000000000000000000
0000000000000000000100000000011100001000100011110000000000011
100000000100000011000000000000010010000000000000000000000000
0000000000000000000000000000000111001000100110000000000000111
100000000000000000000000000000000000000000000000000000000000
0000000000000000000000000000010010001000100111110000000010100
100000001000000011000000000000000000000000000000000100000000
0000000010000000000000000000000000100101100100000000001101010
100000000000000000000000000000000000000000000000000000000000
0000000000000000010001001000000000000001100100000000000010101
100000000000001000000000000000000000000000000000000010000000
0000000000000000000000000000000000001001101000100000001010100
100000001000000001000100100000000000000000000001100000000000
0000000000000000000000000000000101000110000100000000000010100
100000000000010100000000000000000000000000000000000000000000
0000010000000000000000000000001110000001000000000000000010011
100000000000000000110000000000000000000000000000000000000000
0000000000000000000000001000000000000001100100000000000000101
100000000001001000000000000000000000000000010000000010000000
0000111000000000000000000000001011001000100100000000000011100
100000000000000000000000000000000010000000000000000000000000
0000000000000000000000000000011111000001000110000000000001100
100000000000000000000000011000000000000000000000000000000010
0000000000000000000000100000000000000001100100000000000000100
100000000001101100000000000000001100000000000000000000000000
0000000000000000000000000000000000001011111000000000000010110
000000000000000000000010000000000000000000010000000000000000
0000000000000000000000000000000010000111000000010000000000000
000001000000000001000100000000000000000000000000000000000000
0000000000000000000000000000000000001010000100000000000011100
100001100000000000000100000000001000000000000000000000000000
0000000000000000000000000000000000001001011110000000100001111
100000000010000000000000000000000000000000000000000000000000
0000000000000000000000000000000010000110100000000000000000000
000000000000010100000000000000000000000000000000000000000000
0000000000000000000000000000010110000110100110000000000010100
101000000001011000100000000000000000000000000000000000000000
0000000000000000000000000000011011000001000010000000000011011
100000000000000000100000000000000100000000000000000000000000
0000000000000000000000000000000000000001100110000000000010110
100000000001001100000000000000000000000000000000011000000000
0000000000000000000000000000000000000100000010000000000010000
100000000001111000000000000100000000000010000000000000000000
0000001000000000000000000000000000001000000100000000000001011
100000000000000000000000000000000000000000000000000000000000
0000100000000000100000000000001100000001000000000000000000110
100000000000000000110000000000000000000000000000000000000001
0000000000000000000000000010000001000001000100000000000000001
100000000000000000010000000000000000000000000000000000000000
1000000000000000000000000000000000000001100010000000000011011
100000000000111000000000000000000100000000000000000000000001
1000000000000000000000000000010110000001000010000000000001101
100000000000000000100000000000000000000000001110000000000000
0000000000000000000000100001000000000001100000000000000010000
100000000000011100000000000000000000000000100000000000010000
0000010000000000000000000000000000000100000010000000000000101
100000000000101100000000000000000000000000000000000000000000
0000000000000000100110000000000000000100000100000000000010100
100000000000011000000000000000000000000000000000000000000000
0000000000000001100000000000000001001000100100000000000011110
100000000000000000000000000000000000001000000000000000000000
0000000000000000000000000000000010000011000000000000000010011
100000000000001000000000000000000000000000000000011000000000
0000000000000000000000000001000000010100101010000011010000000
100000000000000000000000000000000000000000000000000000000000
0000000000000000000000000000000000001000000110000000000010011
100000000000000000000000000000000000000000000000000000000000
0000000000000000000000000000001110001000100010000000000001110
100000000000000000000000000000000000000000000000000000000001
0000000000000000000000000010000001001000100010000000000011111
100000000000000000000000000000000000000000000000000000000000
0000000000000000000000000000000000010111100110000000000011010
110110000000000000000010000000000000000000000000000000000000
0000000000000000001000000000000000000000000100000000000000101
100000000000000000000000000000000000000000000000000000000000
0000000000000000000000000000000101001010101100010000000010010
100000000100010101000000000000000000000000000000000010000000
0000000000000000000000000000011101000001000000000000000001110
100000000000000000110000000010000000000000000000000000000000
0000000000000000000000000000010010000001000110000000000000100
000000000000000000000000000000000000000000000000100110000000
0010000000110000000000000000001101000001000010000000000000000
000000000000000000100000000000000000000000000000000000000000
1000000001100000000000000000000000000100000000000000000010110
100000000000100100000000000000000000000000001000000000000000
0000010000000000000000000000000000001011101010000000000101011
100000000000000000000000000000000000000000000000000000000000
0000000000000000000000000000011000001010000000000000000010011
000000000001100000000000000000000000000000000000011000000000
0000000000000000000000000000000000110111000000000000001000000
000000000000000000000000000000000000000000000000000000000000
0000000000000000000000000000000000100101001000010010000000000
000000001010000001000000000000000000000000000000000000000000
0000000000000000000000000000000000110101010010000000001010010
100000000000000000000000000000000000000000000000000000000000
0000000000000000000000000000000000000100110000000000000111010
000000000000000000000000000000000001100000000000000000000000
0000000000000000000000000000011110000001000010000000000000111
000000000000000000100000011010000000000000000000000000000000
0000000000000000000000000000011001000001000010000000000000100
000000000000000000100000000000100000011000000000000000000000
0000000000000000000000000000010011000001000100000000000011010
100000000000000000010000000000000000000000000000010000000000
1000000000100000000000000000000000000100000000000000000010001
100000000000111000000000000000000000000000000000000000100001
0000000000010000000000000000000000000000100010000000000001000
100000000001000000000000000000000000000000000000000000000000
0000000000000000010100000000000000000100000010000000000011101
100000000000010000000000000000000000000000000000000000000000
0000000000000000000000000000000000000100000000000000000011110
100000000001010100000000000100100000000000001100000000000000
0000000000000000000000000000011001000001000100000000000011001
100000000000000000000000000000000000001000000000000000000000
0000000000000000000000000000010100000001000110000000000010100
100000000000000000000000000000000000000000000000000000000000
0000000000000000000000000000011000000001000000000000000001111
100000000000000000110000001000000000000000000000000000000100
0000000011000000000000000000010010000001000010000000000001001
100000000000000000100000000000000000000000000000000001100000
0000000000000000000000000000000101000001000110000000000000101
100000000000000000000000000000000000000000000000000000000000
0000000000000010000000000000000000000100000100000000000000000
100000000000111100000000000000000000000000000000000000000010
0000000000000000000000000000000001000111100000000000000000000
000000100000000000000000000000000000000000000000000000000000
0000000000000000000000000000000000110101000000000000000011111
100000000000000000000000010000000000000000000000000000000000
0000000000000000000000000000000000001100000100000000000011111
100000000000000000000000001000000000000000000000000000000000
0000000000000000100000000000000000000100000100000000000000010
100000000001111000000000000000000000100000000000000000000000
0000000000000000000100000000000010000001000010000000000000100
100000000000000000110000000000000000000000000000000000000000
0000000000000000000000000000000000000010000100000000000011011
100000000000000000000000000000000010000000000000000000000000
0000000000000000010000000000000101000001000000000000000000101
100000000000000000110000000000000000000000000000000000000000
0000000000000000000000000000000000000010111001000011001011110
100010001000000001000000000100000000000000000000000000000000
0000000000000000000000000000010101000001000000000000000000111
000000000000000000110000000000000000000001100000000000000000
0000100000000000000010011000000100000001000010000000000001010
100000000000000000100000000000000000000000000000000000000000
0000000000000000000001100000000011000001000010000000000011001
100000000000000000100000000000000000000000000000000000000000
0000000000000000000010000001000100000001000000000000000000000
000000000000000000000000000000000000000000000000000000000000
0000000000000000000000000000000000001001110000100000000000100
000001000000000001000000100000000000000000000000000000000000
0000000000000000000000000000000000000011000100000000000011110
101000000000000100000001000010000000000000000000000000000000
0000000000000000000000000000000000001011110000000000000111011
000000000000000000000000000000000010000000000000000000000000
1000000000000000000000000000000000000000100100000000000001110
100000000000000000000000100000000000000000000000000000000000
0000000000000000000000000000000000000101100010000000001011110
100000000000000000000000000000000000000000000000000000000000
0000000000000000000000000000011010001000100100000000000011111
100000000000000000000000001000000001100000000000000000000000
0000000000000000000000000000000000000001100010000000000011010
100000000001111100000000010000000000000000000000000000000000
0000000000000000000000000000000000000100000000000000000010100
100000000001110100000000000001000000000000000010100000000000
0000000000000000000000000000010111000001000010000000000001111
100000000000000000100000000000000000000000100000000000000000
0000000000100000000000000000000000000001100100000000000001001
100000000001110000000000000000001000010000000000000000000000
0000000000000000000001001000000011000001000100000000000000010
000000000000000000010000000000000000000000000000000000000000
0100000000000000000000000000001101000001000010000000000011110
100000000000000000100000000000000000000000000000000000000000
0000000000000000000000000000000000000100000100000000000011001
100000000001001100000000000000000000000000000000001000000000
0000000000000000000000000000000000000000100110000000000010010
100000000000000000000000000000000000000000000000000000000000
0001000000000000000000000000000000000100000000000000000001100
100000000001010100000000000000000000000000000010000000000000
0000000000000000000000000000000111000001000100000000000000111
100000000000000000010000000000000000000000000000000000000000
0000000000000000000001000000001011000001000000000000000000011
100000000000000000110000000000000000000000000000000000000000
0000000000000000000000000000000000000111100000000000010011101
100000000000000000000000000001100000000000000000000000000000
0000000000000000000000000000011111000001000010000000000000111
100000000000000000100000000000000000000000000000000000000000
0000000000000000000000000000011111000110000000000000000000000
000010000001111100000000000000000000000000000000000000000000
0000000000000000000000000000010010000011100000000000000100000
000000000001001000000000000000000000000000000000000000000000
0000000000000000000000000000000000100100110000000000000111010
000001000000000000000000000000000000100000000000000000000000
0000000000000000000000000000000000000100101110000000001000011
100000000000000000000000000000000000000000000000000000000000
0000000000000000000000000000010000000001000010000000000011111
100000000000000000100000010000000000000010000000000000001000
0000000000000010001000000000000111001000100100000000000001101
100000000000000000000000000000000000000000000000000000000000
0000000000000000000000000000011100000001000100000000000011011
100000000000000000010000000000000000000000000000000000000000
0000000000000000100000000000000000001011100100110000000000110
100000000110000001000000000000000000000000000000000000000000
0000000100000000000000000000001010000001000100000000000010110
100000000000000000010000000000000000000000000000000000000000
0000000000000000000000000000011110000001000110000000000000000
100000000000000000000000000000000000000110000000000000000000
0000000000000110000000000000000111000001000000000000000000000
000000000000000000000000000000000000000000000000000000000000
0000000000000000000000000000011111000110100010110000000011001
100000000011111101000000000000000000010000000000000000000000
0000000000000000000000000000000000001001111001100000010011000
100000001000000001000000000000000000000110000000000000000000
0000000000000000000000000000011111000110100111000000000011000
100000000101111101000000000000000000000000000000000000000000
0000000000000000000000000000000000001001000010000000000011111
100000000000000000000000010000000000000000000000000000000000
0000000000000000000000000000011111000110100000000000000101111
100000000001111100000000000000000000000000000000000000000010
0000000000000000000000000000000000000000100000000000000011001
100000000000000000001000000000000000010000000000000000000000
0000000000000000001000000000000000000100100000000000000000101
000000000000100000000000000000000000000000000000000000000000
0000000000000000000000000000011111000001000000000000000000001
000000000000000000010000000000000000001000000000000000000000
0000000000000000000000000000000000000000000000000000000011010
100000000000000000000000000000000000100000000000000000000000
0000000010000000000000000000010100000001000100000000000001010
100000000000000000100000000000000000000000000001100000000000
0000000000000000100000000000000000000001100010000000000001110
100000000000011100000000000000000000000000000000000000000000
0000000000000000000000000000001111000001000000000000000001001
100000000000000000110000000000000000000000000000000000000000
0000000000000000000000100010000000000100000100000000000000011
100000000001000100000000000000000000000000000000011000100000
0000000000000000000000000000010010000001000000000000000011101
100000000000000000110000000001000000000000000010000000000000
0000000000000000000000000000011001000001000000000000000000000
100000000000000000010000000000000000010000000000000000000000
0000000000000000000000000000010001000001000110000000000010001
100000000000000000000000000000000000000000000000000000000000
0000100000000000000000000000010100000001000000000000000001100
100000000000000000110000000000000000000000000000000000000000
0000000000000000000000000000000110000001000110000000000000110
100000000000000000000000000000000000000000000000000000000000
0000000000000000011000000001000101001000100010000000000000000
100000000000000000000000000000000000000000000000000000000000
0110000000000000000000000000000000001011100000000000001001101
100000000000000000000000000000000000000000000000000000000000
0000000000000000000000000000000000000011100000000000000100000
000000000001100000000000000000000000000000000000000000000000
0000000000000000000000000000000000000100101000000000010000111
000000000000000000000000000000000000000000000000000000000000
0000000000000000000000000000000000000001100010000000000010011
100000000001010000000000000000000000000000000000000000000000
0000000000000000001000000000000000000001100000000000000010101
100000000000001100000000000000000000000000000000001000000000
0000000000000000000000000000001010000001000100000000000001111
100000000000000000100000000000000000000000000000000000000000
0000000000000000000000011000000000000001100000000000000000010
100000000000001000000000000000000000000000000000000000000000
0000000000000000000000000000100101000001000000000000000010000
100000000000000000110000000000000000000000000000000000000000
0000000000000000000000000000010100000001000110000000000001000
100000000000000000000000000000000000000000000001000000001000
0001100000000000000000000000001000000110100000000000000001100
100000000000011100000000000000000000000000000000000000000000
0000000000000000000000000000001000000101000110000000000001100
100000000000000000000000000000000000000000000000000000000000
0000000100000000000000000000010011001010100010000000000001010
100000000000000000000000000000000000000000000000000000000000
0000000000000000000000000000001001001010100000000000000000000
000000000000000000000000000000000000000000000000000000000000
0000000001100000000000000000000000000011100000000000000001001
100000000001000000000000000000000000000000000000000000000000
0000000000000000000000000000000000000110100000000000000000000
000000000001011000000000000000000000000000000000000000000000
0000000000001000000000000000000000000110100100000000000101000
100000000001001100000000000000000000000000000000000000000000
0000000000000000000000000000000100000011100110000000000001001
100000000000001000000000000000000000000000000000000000000000
0000000000000000000000000000010000000110100000000000000000000
000000000001000000000000000000000000000000000000000000000000
0000000000000001000000000000011010000110100000000000000000110
100100000001101000000000000000000000000000000000000000000000
0000000000000000000110000000000001000110100000000000000000100
100010000000000100000000000000000000000000000000000000000000
0000000000000000000000000000011011000001000100000000000010010
100000000000000000010000000000000110000000000000000000000000
0011000000000000000000000000001100000001000100000000000010101
100000000000000000010000000000000000000000000010000000000000
0000000000001000000000000000001101000001000000000000000000000
100000000000000000110000000000000000000000000000000000000000
0000000000000000000000000000001000000001000010000000000011000
100000000000000000100000000000000000000100000000000000000000
0000000000000000000000000001010000001000100010000000000000010
100000000000000000000000000000000000000000000000000010010000
0000000000000000000000000000011100000001000000000000000010100
100000000000000000110000000000000000000000000000000000000000
0000000000000000000000000000011001000001000000000000000011001
100000000000000000100000000000000000000000000000000000000000
0000000000000000000000000000010001000001000010000000000011100
100000000000000000000000000000000000000000000000000001000000
0000000100000000000000000000010001000001000000000000000001010
100000000000000000010000000000000000000000000000000100000000
0000000000000000010000000000011011000001000010000000000000101
100000000000000000100000000000000010000000000000000000000000
0000000000000000000000000000000000000010110001000000000000000
000101001000000001000000000000000000000000000000000000000000
0000000000000000000001100000000001001000000000000000000100011
100000000000000000000000000000000000000000000000000000000000
0000000000000000000000000000000000000100100000000000001011001
000000000000000000000000000000000000011000000000000000000000
0000001000000000000000000000000000000100000000000000000000011
000000000000110000000000000000000000000000000000000000000000
0000000000000000000000000000000000000100000110000000000001101
100000000000110100000000000000000000000000000000000000000000
0000010000000000000000000000011100000001000010000000000001011
100000000000000000100000000000001000000000000000000000000000
0000000000000000000000000000011000000110100010000000000100010
100000100001100000000000000000000000000000000000000000000000
0000000000000000000000000001100000000001000000000000000011111
100000000000000000010000000000000000000000000000000000000000
0000000000000000000000000000011110000001000000000000000010010
100000000000000000110000000000000001000000000000000100000000
0000000000000000000000000000000000000000100000000000000011110
100000000000000000000000000010000000000000000000000000000000
0000000000000000000000000000000000000001000000000000000011110
100000000000000000110000000000000000000000000000000000000000
0000000000000000000000000000000000000000000100000000000011101
100000000000000000000000000000100000000000000000000000000000
0000000000000000000000000000011101000001000010000000000010001
100000000000000000100000000000000000001000000000000000000000
0000100000000000000000000000000000000100000000000000000011100
100000000000101100000000000000001000000000000000000000000000
0000000000000001000000000000000110000001000000000000000011100
100000000000000000110000000000010000000000000000000000000000
0000000000000000000000000000011010000001000100000000000011010
100000000000000000010000000000000000000000000000000000000000
0000000000000000000000000000011010000001000000000000000000000
000000000000000000010000000000000001000000000000000000000000
0000000000000000000000000000011010000001000010000000000001000
100000000000000000100000000000000000000000000000000000000000
0000000000000000000000000000000000000100000000000000000011001
100000000001011100000000000000000000001000100000000000000000
0000000000000000000000010000000010000001000100000000000011001
100000000000000000010000000000000000000000000000000000000000
0000000000000000000000000110000000000100000000000000000011000
100000000000000100000000000000000000000010000000000000000000
0000000000000000000000000000000100000001000100000000000011000
100000000000000000010000000000000000000000000000000000000000
0000000000000000000000000000010111000001000100000000000000110
100000000000000000010000000000000000000000010000000000000000
0000000000000000000000000000001110000001000010000000000010111
100000000000000000100000000000000000000001000000000000000010
0000000000000010000000000000000000000100000100000000000000111
100000000001000000000000000000000000000000000000000000000000
0000000000000000000000000000000010000001000110000000000000010
100000000000000000000000000000000000000000000000000000000000
0000000000000000000000001000000000000100000000000000000011010
100000000000001000000000000000000001000000000000000000000000
0000000001000000000000000010001111000001000100000000000000001
100000000000000000010000000000000000000000000000000000000000
0000000010010000000000000000000000000100000000000000000000010
100000000000100000000000000000000000000000000000000000000000
0000000000000000000000000100000001000001000010000000000000001
100000000000000000100000000000000000000000000000000000000000
0000000000000000000000000000000001000110100000000000000010010
100000000000111000000000000000000000000000000000000100000000
0000000000000000000000000000000000000100100000000001000011111
000000000000000000000000001000000000000000000000000000000000
0000000000000000000000000000010000000110100000000000000000000
001000000000111100000000000000000000000000000000000000000000
0000000000000000001000000000000000000100000100000000000000011
100000000000010100000000000000000000000000000000000000000000
0000000000000000000000000000000000001000000000000000000000000
000000000000000000000000000000000000000000000000000000000000
0000000000000000000000000000000000000001100000000000000010111
100000000000000000000000000000000000000000100000000000000000
0000000000000001000000000000000110000001000000000000000010111
100000000000000000010000000000000000000000000000000000000000
0000000000000000000000000000010101000001000010000000000010110
100000000000000000100000000000000000000000010000000000000000
0000000000000000000000000000000000000000100000000000000010011
100000000000000000000000000000000000000000000000001000000000
0000000000000000000000000000010011000001000010000000000001000
000000000000000000100000000000000000000000000000000000010000
0000000000000000000000000000000000000001100000000000000010010
100000000000000100000000000000000000000000000000000010000000
0100000000000000000000000000001101000001000100000000000010001
100000000000000000010000000000000000000000000000000000000000
0000000000000000000000000000010000000001000000000000000011010
100000000000000000110000000000000000000000000000000000000000
0000000000000000000000000000100000000001000000000000000001111
100000000000000000000000000000000000000000000000000000000010
0000000000000000000000000000001111000001000010000000000011011
100000000000000000100000000000000000000000000000000000000000
0010000000000000000000000000000000001000100000000000000001101
100000000000000000000000000000000000000000000000000000000000
0000000000000000000000000000001010000001000100000000000001101
100000000000000000010000000000000000000000000000000000000000
0000000000000000000000000000001100000001000010000000000001100
100000000000000000000000000000000000000000000000000000000000
0000100000000000000000000100001100000001000000000000000000001
100000000000000000100000000000000000000000000000000000000000
0000000000000000000000000000000111000001000000000000000001011
100000000000000000110000000000000000000000000000000000000000
0000000000000000000000000000001011000001000110000000000000110
100000000000000000000000000000000000000000000000000000000000
0000000000000000000000000000001001000001000110000000000000000
000000000000000000000000000000000000000000000000000000000000
0000000000001000000000000000000000000001000000000000000001000
100000000000000000010000000000000000000000000000000000000000
0000000000000000000000000000000000000001000000000000000000111
100000000000000000010000000000000000000000000000000000000000
0000000000000000000000000000000111000001000010000000000000011
100000000000000000000000000000000000000000000000000000000000
0000000000000000000010000000010111000001000100000000000000100
100000000000000000010000000000000000000000000000000000000000
0000000000000000000000000000001000000001000100000000000000101
100000000000000000010000000000000000000000000000000000000000
0000000000000000000000000000000000001001100010000000010011101
110000000000000000000000000000000000000000000000000000000000
0000000000000000000000000000000000000100100000000000001100000
000000000000000000000000000000000000000000000000000000000000
0000000000000000000000000000000000000100100000000000000110111
000000000000000000000000000000000000000001100000000000000000
0000000000000000000000000000010001001010000000000000000000000
000000000000000000000000000000000000000000000000000000000000
0000000000000000000000000000000000001101000000000000000000000
000000000000000000000000000000000000000000000000000000000000
0000000000000000000000000000100100001000100000000000000000000
100000000000000000000000000000000000000000000000000000000000
0000000000000000000000000000000000000001000010000000000000000
000000000000000000000000000000000000000000000000000000000000
0000000000000000000000000000011110000001000100000000000000000
000000000000000000000000000000000000000000000000000000000000
0000000000000000000000000000011101000001000100000000000000000
000000000000000000000000000000000000000000000000000000000000
0000000000000000000000000000000000001000100000000000000010101
100000000000000000000000000000000000000000000100000000000000
0000000000000000000000000000010101000001000100000000000000000
000000000000000000000000000000000000000000000000000000000000
0000000000000000000000000000001000001000100000000000000010001
100000000000000000000000000000000000000000000000000001000000
0000000000000000000000000000000001000001000000000000000001110
100000000000000000000000000000000000000000000000000000000001
0000000000000000000000000000001110000001000100000000000000000
000000000000000000000000000000000000000000000000000000000000
0100000000000000000000000000000000001000100000000000000001101
100000000000000000000000000000000000000000000000000000000000
0000000000000000000000000000001001000001000000000000000001001
100000000000000000100000000000000000000000000000000000000000
0000000000000100000000000000000000000100000000000000000000111
100000000000100000000000000000000000000000000000000000000000
0000000000000000000000000000000011000001000000000000000000000
000000000000000000100000000000000000000000000000000000000000
0000000000000000000000000000000000000100000000000001000000000
000000000000000000000000000000000000000000000000000000000000
0000000000000000000000000000000000001010000000000000000100000
000000000000000000000000000000000000000000000000000000000000
0000000000000000000000000000000000000101011000000000100000000
000000000000000000000000000000000000000000000000000000000000
0000000000000000000000000000000000001010100000000000001100000
000000000000000000000000000000000000000000000000000000000000
0000000000000000000000000000000000000101000000000000001000000
000000000000000000000000000000000000000000000000000000000000
0000000000000000000000000000000111001010100000000000000100000
000000000000000000000000000000000000000000000000000000000000
0000000000000000000000000000001111001010100000000000000000000
000000000101000000000000000000000000000000000000000000000000
0000000000000000000000000000001110000110100000000000000000000
000000000000111000000000000000000000000000000000000000000000
0000000000000000000000000000010000000000100000000000000000000
000000000000000000000000000000000000000000000000000000000000
0000000000000000000000000000000000001001100000000001010000000
010000000000000000000000000000000000000000000000000000000000
0000000000000000000000000000000000000101000000000010000000000
000000000000000000000000000000000000000000000000000000000000
0000000000000000000000000000011111000110000000000000000000000
000000000001111100000000000000000000000000000000000000000000
0000000000000000000000000000000100001010100000000000000100000
000000000000010000000000000000000000000000000000000000000000
0000000000011000000000000000000000000010000000000000000001000
000000000000000000000000000000000000000000000000000000000000
0000000000000000000000000000000000000100110000000000010010111
000000000000000000000000000000000000000000100000000000000000
0000000000010000000000000000000000000101000000000000000101000
000000000000000000000000000000000000000000000000000000000000
0000000000000000000000000000000000001001100000000000000000000
000011000000000000000000000000000000000000000000000000000000
0000000000000000000000000000010110000110100000000000000000000
010000000001011000000000000000000000000000000000000000000000
0000000000000000000000000000000000000011000000000000000000000
000000000000111100000000000000000000000000000000000000000000
0000000000000000000000000000000000000110000000000000000000000
000000000001011100000000000000000000000000000000000000000000
0000000000000000000000000000011111000110100000000000000000000
000000000101111000000000000000000000000000000000000000000000
0000000000000000000000000000001100000011100000000000000000000
000000000000101100000000000000000000000000000000000000000000
0000000000000000000000000000010011000110000000000000000000000
000001000001001100000000000000000000000000000000000000000000
0000000000000000000000000000000000001100100000000000000000000
000000000000000000000000000000000000000000000000000000000000
0000000000000000000000000000000000001100100000000000000100000
000000000000000000000100000000000000000000000000000000000000
0000000000000000000000000000000000000101000001010000000100000
000000000110000001000000000000000000000000000000000000000000
